OCSI,-38,6.7,14.82,146816.56
KN,-38,9.98,33.54,1183856.6
REDU,-38,9.63,17.75,355891.0
TTS,-38,5.2,30.31,552736.7
GPOR,-38,1.55,75.19,1637913.2
VVR,-38,2.0,7.1,629710.94
FRAC,-38,11.95,22.18,1280609.0
NEM,-38,15.55,72.13,7531201.5
MIN,-38,3.77,7.07,353644.6
INSY,-38,0.81333333,44.92,463102.3
CHA,-38,26.17,90.85,121707.57
EARN,-38,10.13,19.85,77835.445
CNFR,-38,5.15,10.6,15858.782
GUT,-38,4.39,9.6,79808.39
TEX,-38,7.57,74.8,2370492.8
XON,-38,11.33,68.71,1259597.5
MUX,-38,0.44,9.58,2206794.5
RADA,-38,0.56,11.94,153778.45
BSMX,-38,6.28,17.79,1795644.0
RLGY,-38,20.38,54.85,1624554.9
IFGL,-38,14.63,47.13,144300.12
HCLP,-38,3.68,69.15,810852.9
DERM,-38,7.12,38.03,407880.88
ARKR,-39,8.35,37.32,5103.1724
IEP,-39,20.178661,148.53,78888.6
NGL,-39,5.7,45.67,519906.88
EMP,-39,3.5,116.3,1393588.0
STKL,-39,0.8,14.16,375964.53
LGCYO,-39,1.35,25.08,56195.28
VOD,-39,15.779817,41.57,6094899.0
EVHC,-39,24.79,135.53893,1739680.2
STKS,-39,1.36,5.41,37062.812
CMRE,-39,5.25,24.36,305631.94
HT,-39,4.52,41.52,405072.84
FLN,-39,11.54,31.19,18923.238
RFP,-39,3.85,30.0,366884.5
VRA,-39,7.08,52.25,499142.12
OCIP,-39,4.95,28.08,72364.484
FAM,-40,7.92,18.63,58449.695
IRET,-40,4.65,11.19,402044.1
NGG,-40,40.207424,93.31878,426024.44
TORC,-40,8.03,20.85,240051.72
PRPH,-40,0.65,6.67,20480.293
OMI,-40,14.11,41.2,615406.44
LGCYP,-40,1.36,25.65,14999.359
OSBC,-40,0.73,29.3,63891.816
BP,-40,27.02,76.12,8204970.5
GAIA,-40,2.48,28.38,77073.68
TRIB,-40,1.05,27.87,76942.875
SNDX,-40,6.33,17.13,187454.06
ETM,-40,0.55,16.15,396220.34
WDR,-40,9.15,75.96,1038591.25
STPP,-40,29.33,54.83,8982.001
XELA,-40,4.32,11.16,127732.91
TGNA,-40,1.0201153,21.1008,6203524.0
NLY,-41,8.69,21.0,1.1156034E7
HIG,-41,3.62,84.93,6145761.5
RMBS,-41,3.94,25.86,1406856.2
VALU,-41,8.03,46.92,5665.544
EMO,-41,6.93,25.65,115173.445
FMO,-41,8.42,28.9,113195.45
CMTA,-41,8.46,20.02,104919.7
ENDP,-41,5.43,95.92,3103760.8
ENLK,-41,1.17,35.1,482399.03
GARS,-41,7.79,15.72,46958.61
GMLP,-41,8.66,39.0,244628.88
ANH,-41,3.89,10.17,1211563.0
VNET,-41,4.18,31.96,743971.6
GPM,-41,6.35,15.65,89839.08
MVC,-41,6.38,16.11,72053.625
AVAL,-41,5.64,13.78,277616.75
MTG,-41,0.84,21.81,5619766.0
CTR,-41,6.84,24.7,141030.45
TRC,-41,16.54369,41.311573,58327.254
SPH,-41,21.14,58.75,181890.5
ORN,-41,3.31,23.92,177644.28
TRK,-42,9.39,31.58,56445.355
FII,-42,14.38,44.39,1085181.2
UNT,-42,4.41,85.41,577437.7
AMOV,-42,10.83,33.2,8348.634
LQDT,-42,4.4,65.26,289519.72
FET,-42,8.54,36.72,817465.7
KMI,-42,12.01,44.57,1.0975192E7
PRPL,-42,5.45,13.08,48414.836
AMX,-42,11.13,33.375,6720234.0
WMC,-42,8.77,24.45,525752.25
NCV,-42,2.94,13.55,290920.84
BCOV,-42,4.82,24.85,298978.72
VNTR,-42,11.47,25.5,872511.06
APB,-42,5.01,24.08,24735.08
HAYN,-42,11.09,68.33,87320.9
DOGZ,-42,2.669,6.0,19912.805
NFJ,-42,9.41,23.75,295323.47
TNAV,-42,4.48,21.86,145314.62
CPL,-42,6.5847235,32.13345,395315.44
EXG,-42,6.86,17.55,937625.56
MFGP,-42,12.99,35.88,1921457.6
