PNR,86,11.820013,55.614506,1627233.0
UTL,86,17.93,52.66,46795.316
ESGR,86,43.06,234.3,25379.791
CSWI,86,28.39,56.65,63367.62
FRPT,86,5.86,35.55,311797.44
CHRW,86,38.05,97.62,1611111.6
CRL,86,20.78,128.42,634495.25
VSAT,86,15.42,81.15,277464.66
PNM,86,6.2,45.5,701527.5
CEIX,86,19.61,47.35,508311.44
BMA,86,6.83,135.46,161515.6
AAT,85,16.96,45.95,212028.73
PTLA,85,15.15,66.04,715124.56
EQR,85,16.71,81.97,2671199.0
BABA,85,57.39,210.86,1.7437136E7
HASI,85,10.87,25.22,248735.88
OSUR,85,2.25,22.81,473605.62
PXLW,85,0.37,9.51,266123.16
APD,85,38.52914,174.0,1496971.2
CTB,85,3.0,44.45,909323.25
EPD,85,8.63,41.11,3291217.8
WBA,85,21.4,96.68,6655267.0
PFE,85,11.66,42.4,3.759928E7
HRG,85,4.01,20.07,482509.56
EXTR,85,1.06,15.08,1005295.1
IQ,84,15.55,44.2,1.932548E7
MOFG,84,6.54,38.5,15274.728
OVBC,84,16.12,55.7,4286.271
FNK,84,15.35,37.84,15103.671
LTC,84,15.02,54.18,190437.9
NBTB,84,15.67,42.46,114556.9
MEET,84,0.6,14.68,669830.4
FMK,83,15.62,36.81,4436.5664
NSTG,83,6.34,23.27,152301.6
CTRL,83,5.67,36.86,312836.75
RMAX,83,25.95,67.2,118978.46
PRGS,83,9.826667,52.51,362130.06
STL,82,5.51,26.25,513222.7
WTM,82,150.0,947.0,18319.352
CELC,82,11.94,26.99,32003.83
FSB,82,19.66,43.75,73430.99
FISI,82,3.3,35.3,35635.38
HDSN,82,0.85,9.44,191179.98
JSMD,82,25.26,46.154,4082.6235
INFY,82,5.2775,21.08,7057790.0
SJI,82,14.005,38.12,341107.53
CHUY,81,15.06,43.42,214158.86
CARG,81,27.58,54.64,629074.56
PRFT,81,2.57,28.03,175357.73
HEES,81,4.67,44.07,251044.02
BRKL,81,7.22,19.25,355837.38
CLB,81,25.79,216.51,514501.8
APTS,81,5.7,21.95,146131.62
MORN,81,26.11,139.72,98822.7
PFS,81,7.9,28.95,280850.25
BAK,81,3.74,32.56,382548.97
DCT,80,10.56,69.01,845892.6
LIVN,80,41.35,126.42,408897.78
NUVA,80,11.07,81.11,682059.8
ALLE,80,40.7,89.56,744340.9
FCCY,80,4.5248637,22.9,7315.0903
REV,80,2.3,41.2,123972.58
WGO,80,3.23,57.95,375848.12
KSS,80,24.98,80.86,4162153.5
TREC,80,0.47,16.26,41797.44
MANU,80,12.18,25.2,98251.16
FANH,80,4.8,36.83,216706.08
AZN,80,15.12,40.545,3771835.2
CVCY,79,3.53,23.64,14593.052
QQQC,79,12.15,34.08,6433.6484
FORR,79,16.49,49.5,70004.24
CTMX,79,9.25,34.22,229935.12
HAIN,79,5.645,70.15,1189238.1
CBFV,79,11.5,35.95,3871.6375
PERY,79,3.46,31.21,135762.38
BITA,79,3.51,96.14,664785.56
FATE,79,1.49,13.77,233440.0
MNTX,79,0.4,17.44,80389.74
RARE,79,33.36,134.09,469664.88
ARMK,79,22.7,45.99,1414233.9
DWDP,78,6.33,77.02,9689749.0
UG,78,5.86,34.43,4152.7534
AFH,78,5.85,21.35,54402.6
WEBK,78,18.22,34.25,2298.3606
CSPI,78,2.51,18.58,11650.137
BBU,78,18.34,44.73,32015.62
VMW,78,17.88,162.02,2106362.2
CA,78,14.37,44.21,3780172.0
ARL,78,1.23,20.54,6322.945
PX,78,47.8,167.5,1582237.9
GPX,78,2.58,37.18,51532.863
FFNW,77,3.25,20.92,48032.11
UPS,77,38.3,134.09,3966038.8
ESE,77,24.39,69.75,139643.47
UTX,77,37.56,138.32,4519597.5
HBIO,77,1.4556482,6.7,117001.52
CFG,77,18.14,47.87,5148525.0
Y,77,178.57008,656.22,43899.46
PSXP,77,29.34,79.47,297020.72
TAST,77,1.49,16.85,166758.7
PRA,77,20.33,63.0,285042.7
AMCX,77,30.28,86.27,685845.5
