MTP,-92,0.504,7.35,38253.914
IO,-92,2.71,271.5,159265.94
OZM,-92,1.87,26.1,765669.9
AXON,-92,1.05,29.9,1193680.2
SMSI,-92,0.83,67.48,97274.83
NAT,-92,1.87,40.9642,1046359.1
SHOS,-92,1.48,56.65,101070.484
FIV,-92,0.005,119.0,80451.86
CNTF,-92,1.54,33.7,56930.723
CHNR,-92,0.75,26.3,35546.977
VNCE,-92,3.2,387.4,49451.293
ADXS,-92,1.22,29.625,384955.16
NM,-92,0.64,14.67,850430.06
FBP,-92,2.08,182.55,671380.56
BHR,-92,0.01,137.5,8572022.0
CSLT,-92,2.64,39.8,526865.44
VBIV,-92,0.38,83.105,44051.008
SINO,-92,0.45,21.45,168510.44
AVNW,-92,6.18,218.28,37818.465
OMED,-92,1.94,38.01,205786.42
SDR,-92,0.78,23.72,259449.62
SRF,-92,5.77,127.5,21168.295
MPO,-92,0.05,163.5,171481.06
GOGL,-92,2.7,174.55,143292.02
ECR,-93,0.701,25.75,1102751.6
EYES,-93,0.964,23.6,559044.9
NAO,-93,0.8,20.4,234152.12
RGLS,-93,0.2,22.08,571081.5
JMEI,-93,1.52,37.99,1411430.1
BOSC,-93,1.64,40.0,45705.69
CLDX,-93,0.42,37.83,1387798.0
MARK,-93,0.84,55.1,111440.03
EDGE,-93,0.84,23.49,274595.78
SALT,-93,1.84,126.96,787594.2
CASA,-93,0.09,470.0,2.0987056E7
VEON,-93,2.2,43.76,3286926.5
ATEC,-93,1.63,87.84,58053.27
IPI,-93,0.67,73.23,1245740.9
KFS,-93,1.75,58.92,19973.117
VIIZ,-93,57.2,991.3,1165.2737
SDT,-93,0.76,36.74,199320.28
PRSS,-93,1.17,19.15,53370.55
IFON,-94,2.87,127.2,17447.223
YECO,-94,0.045,31.25,35759.758
MGI,-94,4.75,114.16,230243.44
CATB,-94,0.62,14.5,518958.12
GENE,-94,0.7,51.5,289001.94
NXTD,-94,1.1,59.9,501705.38
FBC,-94,4.6,897.0,179469.67
SGLB,-94,0.7671,3200.0,50740.004
WIN,-94,3.13,111.69713,766720.3
TNXP,-94,0.37,20.4,345108.62
JASO,-94,3.0,128.75,1284243.0
CBO,-94,1.01,21.26,96162.164
SPWR,-94,3.77,131.29,2545128.2
MELR,-94,12.75,347.06,2653.473
AGRX,-94,0.25,12.88,210483.61
APPS,-94,0.59,32.5,226094.64
GNCA,-94,0.57,22.7,430620.97
SRRA,-94,1.12,31.32,450489.53
BXE,-94,0.88,51.8,64823.62
CRK,-94,2.8,433.5,520843.75
VSAR,-94,1.375,34.0,366246.7
CREG,-94,1.0,59.0,75462.98
FTK,-94,1.0,36.07,899055.4
SITO,-94,1.48,41.5,61470.133
DAC,-94,1.05,29.96,79051.3
AVP,-94,1.42,45.25,5717115.0
NLST,-94,0.1,7.27,517878.25
CGA,-94,1.06,30.0,208568.75
CFMS,-94,0.89,25.78,414956.2
IPAS,-95,1.92,40.4,24946.98
DLPN,-95,0.8,60.0,8814.656
YOGA,-95,1.08,25.52,83739.77
DGLY,-95,1.75,88.48,164439.92
ONCS,-95,0.89,37.6,314810.6
OR,-95,7.89,185.8,483228.12
JCP,-95,1.67,50.45,1.2570412E7
OESX,-95,0.75,20.25,106069.0
RWLK,-95,0.72,37.15,328067.22
PRPO,-95,0.328,15.8,745285.4
RBCN,-95,4.7,347.6,33314.08
LIVX,-95,3.46,90.0,81938.375
PMTS,-95,1.96,64.35,63863.586
XPLR,-95,1.75,208.0,34118.477
FTEK,-95,0.76,26.3,150230.36
RVLT,-95,1.2,95.4,65804.664
IPDN,-95,2.16,61.36,46838.76
OBE,-95,0.45,34.99,2367289.8
CCIH,-95,0.75,32.8,288316.88
MFCB,-95,5.84,177.25,29902.807
PLUG,-95,0.12,41.7,3903068.5
CHEK,-95,1.328,72.96,90614.164
HHS,-95,6.83,177.2,25665.732
LIFE,-95,0.61,27.88,221230.67
LMFA,-95,0.359,9.08,249285.67
RKDA,-95,3.92,174.6,97042.76
ANW,-95,0.63,44.17,474898.22
AKER,-95,0.128,5.51,1514104.6
IPCI,-95,0.24,5.95,181093.75
TNK,-95,0.95,24.3,904104.25
DELT,-95,0.49,28.2,259066.55
MTL,-95,0.86,115.24,1033914.25
SEII,-95,0.63,180.0,127844.29
AIG,-95,7.0,1186.4,9843572.0
