JCTCF,366,1.0,8.92,12470.838
HUBS,366,27.25,142.1,388887.0
AAXN,366,2.68,74.89,1085471.2
ICLR,366,14.2,147.55,390317.28
INXN,366,11.3,66.37,415408.3
ACIW,366,2.9733334,28.46,693250.0
UNH,366,16.3,264.28,6578648.5
SKX,365,1.7566667,53.43,2688493.2
WLDN,365,1.15,36.54,44647.992
NVEC,364,17.63,133.66,30687.994
SNBR,364,0.19,40.19,848091.06
ALGT,363,17.13,233.98,203613.88
AMWD,363,10.91,140.05,101520.59
FIX,361,6.65,57.25,216077.1
CERN,361,7.895,75.0,2673517.8
EBSB,361,2.5898693,21.65,121549.8
ACN,360,26.67,168.09,3374563.2
PII,360,7.295,158.43,903594.0
TTD,359,22.8,138.35,963214.9
FB,356,17.73,217.5,3.6530112E7
CIGI,356,4.3241663,82.9,42080.31
CORT,355,0.75,25.5,415667.06
ANCX,355,3.99,30.5,22398.9
AEIS,354,5.49,94.25,416948.53
IOSP,353,2.79,82.7,127891.484
GABC,352,6.9333334,38.75,32156.166
AEL,351,3.09,37.57,589029.44
TDY,351,22.05,235.67,192658.5
ECPG,351,2.89,51.1,213857.22
MPC,350,13.53,83.82,5904675.5
TTC,350,5.105,73.69,858761.06
AAN,350,9.513333,50.85,525974.44
CACI,348,33.99,193.65,279278.9
TRCH,347,0.2525,5.83,152726.19
UFI,347,1.41,38.86,76382.35
NANO,344,0.85,46.22,216954.39
FN,344,9.35,49.19,309730.97
MTZ,342,6.19,54.75,876187.0
MZOR,342,8.79,74.82,201035.66
ANSS,341,18.06,182.73,525556.25
FMAO,341,7.6,48.4,7256.611
FRBA,341,2.75,15.0,15926.37
LGIH,340,12.66,78.77,323102.94
CRY,340,4.0,34.5,152861.38
BBSI,339,8.0,100.9,64140.414
DDD,339,1.2966666,96.42,2145538.8
HBNC,339,2.074074,21.94,50774.344
AAP,337,24.17,200.38,1232482.6
EQIX,336,35.14,492.98,853378.1
IBB,336,19.683332,132.66667,3413036.2
LDL,334,2.04,64.2,81977.39
CVTI,334,1.4,36.59,88288.65
GNUS,333,0.072000004,12.150001,33506.996
TSM,333,5.8208957,46.38,1.1994373E7
FNV,333,10.1,85.37,426959.78
VRSK,333,26.25,117.94,860179.06
FIVE,333,26.5,114.79,998001.25
AWK,331,16.53,92.25,973015.1
ATHN,331,21.2,204.41,536041.06
DENN,331,1.19,17.51,553459.44
AAOI,330,8.38,99.61,892113.2
HCKT,328,1.78,20.62,132759.5
OLBK,327,4.5,35.5,17854.557
GWW,327,59.92,369.15,705116.2
FBHS,327,12.2,73.13,1387850.1
PVH,326,13.63,168.16,1036884.9
IEX,325,16.74,153.76,408359.2
MLNX,325,6.42,119.93,516614.4
PANW,324,39.56,225.43,1473559.5
RMD,324,14.915,109.38,1081395.6
HUM,324,18.77,331.44,1896538.6
SFST,323,3.5687454,48.35,7355.86
GNRC,323,10.65,61.17,560420.0
APH,323,9.5,95.53,1926286.2
HCA,323,17.66,131.57,3177101.8
AMSF,323,12.4,67.85,93515.24
CHD,322,11.57,57.63,1682881.4
AMGN,321,39.97,200.4,5398849.0
TMO,320,28.9,235.5,2511801.2
NOC,319,30.8997,360.03,1734419.5
QTWO,319,10.03,63.7,234463.34
ZG,319,6.7446213,65.21,1969680.0
RP,319,14.52,61.5,384140.75
VRSN,319,17.04,156.08,2282811.2
HBCP,318,9.02,48.11,15882.558
ELS,318,11.955,95.48,507544.44
TSN,317,4.4,83.62,4232194.5
MRTN,317,4.752,24.6,251647.55
SFS,316,0.03,19.15,215041.19
BFAM,314,27.5,117.28,214361.42
COLM,314,12.61,94.32,336124.3
DAL,314,3.93,60.13,1.1673459E7
DDS,312,2.78,142.22,851169.2
PTSI,312,2.89,66.17,16887.69
PLOW,312,10.89,49.4,112018.6
CMCSA,312,5.61,42.99,3.1976324E7
CPK,310,14.92,86.6,52542.89
LOGM,309,15.43,133.8,365957.88
GPK,309,0.58,16.68,2028199.0
MIME,309,6.2,45.94,266186.44
CARO,308,9.875,45.28,45424.633
