DAR,76,2.94,23.84,1177393.9
ATKR,76,15.3,28.2,435262.72
KMB,76,41.620327,138.13,2332017.8
NBLX,76,26.2,56.9,137903.06
NCI,76,8.32,27.61,301147.3
ALDR,76,8.75,52.97,788950.25
MFNC,76,2.81,17.45,6168.5713
TGT,76,25.37,87.31,6840049.0
ABUS,76,1.2,30.94,326351.03
KEQU,75,6.5,36.78,5323.2217
RENX,75,6.4552846,23.27,196255.48
EQBK,75,20.59,43.87,45107.266
STBA,75,10.81,47.53,103817.02
JWN,75,7.81,82.32,3041596.2
TD,75,13.1,60.81,1674562.2
ENB,75,13.31,54.37,1372304.4
TAYD,75,2.18,20.29,7730.8745
RDN,75,0.77,23.31,3632078.8
CLAR,75,3.79,14.91,109383.11
STC,75,6.46,47.71,168033.9
TMUS,75,11.06,68.32,3717156.8
QCOM,74,29.21,81.6,1.4397892E7
DGRW,74,23.81,44.5,131307.84
CYBE,74,4.23,40.15,35020.086
ORBC,74,1.27,11.91,264690.66
FFWM,74,8.8,20.23,77089.29
BBT,74,13.32,56.03,5727882.0
EOLS,74,6.85,38.49,375333.34
CNO,74,0.26,26.38,2131613.5
ETN,74,15.135,87.86,3385796.8
HLT,74,35.25336,87.69,3005244.0
KAMN,74,9.67,74.66,130603.91
CSCO,74,13.62,46.32,4.1495148E7
HMTA,74,7.5,15.7,4362.0
MG,74,9.21,26.96,113863.98
SP,73,13.9,41.5,66406.64
USB,73,8.82,58.11,1.1610514E7
TRTN,73,5.59,57.35,320127.8
PKOH,73,1.83,64.74,42093.586
BCC,73,13.89,49.1,412203.5
LBRDA,73,43.72249,103.12,167940.97
UFCS,72,13.53,60.97,73662.766
FLAG,72,24.8,44.98,3761.4888
ESL,72,19.22,121.48,239188.33
LMNX,72,12.99,34.75,253157.22
CIVB,72,3.21,25.5,11619.104
ESQ,72,14.61,26.91,23312.758
GOLD,72,23.45,126.88,854622.8
OIS,72,6.5542855,65.37,1150000.1
WSC,72,9.5,16.95,299538.38
POR,72,14.37,49.72,638008.44
PJC,72,16.99,99.7,163716.66
CL,72,27.385,77.5,4482281.5
CISN,71,10.29,17.67,397138.7
CHSP,71,11.3,38.9,274150.9
FFIC,71,4.08,31.28,92921.31
UCBA,71,5.8725085,28.25,5464.145
AWI,71,9.45,71.05,480253.38
VRX,71,7.39,262.52,6255892.0
ETFC,71,5.9,65.99,3899060.2
BKSC,71,7.5206614,21.9,3063.2454
AAME,71,0.45,5.0,6005.4946
KMPR,71,8.1,81.5,199317.12
FWONA,71,17.85,39.0,1631451.6
QGEN,71,13.149688,39.3,1039272.25
SEE,70,10.43,55.4,1912569.4
FSZ,70,26.31,56.69,21063.742
CSTE,70,10.6,71.74,261522.02
GPRK,70,2.25,21.04,98725.55
KBAL,70,3.2318501,20.72,125105.3
DEI,69,6.36,41.39,1265459.8
BSA,69,9.22425,29.0087,680.619
CPHC,69,5.6,17.45,3567.1138
R,69,19.27,99.58,762910.2
SLDB,69,7.19,44.11,341561.38
Z,69,16.01,65.57,1498134.2
SON,69,16.95,56.56,479061.8
EXPD,69,24.02,78.03,1733909.6
SBH,69,2.7,34.88,1474746.9
CREE,69,13.13,82.85,2142285.5
MTRN,69,7.7,64.45,149548.95
WBT,69,12.25,23.6,810187.0
IEA,69,5.56009,10.8,145797.92
SJW,68,18.72,68.15,61488.24
EML,68,8.12,31.35,11441.805
RELX,68,6.55,24.01,184380.73
PVTL,68,15.73,28.91,1809014.5
MCFT,68,10.47,30.94,146588.53
PBA,68,18.96,48.49,240842.48
BBP,68,22.05,46.7,11097.081
BX,68,3.87,43.96,4025716.2
HPE,68,7.009357,19.41,1.6298814E7
EDIT,68,12.46,44.08,801038.7
DLPH,68,19.63,103.45,2083945.2
SQLV,68,18.08,30.84,4298.2856
