BNDX,8,48.85,56.18,697176.5
MRAM,8,6.33,24.88,144668.77
NGVC,8,4.83,44.07,135475.14
AMBC,8,11.94,34.68,437311.53
TRP,8,22.54,56.19,736398.8
BBGI,8,0.76,16.55,13458.844
BKK,8,9.04,17.25,34209.14
PRU,8,11.29,126.02,3700646.2
SGQI,8,25.6,29.84,2630.8115
WHFBL,8,23.25,26.75,3326.711
PCM,8,4.07,13.48,33942.04
OSBCP,8,2.02,13.54,9087.229
COP,8,26.78018,86.76,1.0685296E7
PCQ,8,7.05,17.58,44163.574
VETS,8,25.03,27.46,881.3953
PSF,8,21.15,29.48,37478.375
MTBC,8,0.39,5.25,334586.5
KMT,8,13.31,52.07,880534.6
MYF,8,7.31,18.05,32873.254
OBNK,8,36.74,41.38,149204.48
CERS,8,0.58,7.95,683951.2
IBKCP,8,24.45,29.011,6428.7925
BKYI,8,0.48,4.8,13536.626
GLBZ,8,11.0,13.42,3398.4
BFO,8,8.17,16.28,10330.734
EHIC,8,7.97,18.18,145281.98
EFAS,8,15.84,19.06,2257.1865
LHO,8,3.84,43.47,1128339.1
GF,8,5.3,24.26,35161.445
IRM,8,15.7763405,41.44,1746627.2
JSYN,8,9.75,10.64,12321.711
HWBK,7,4.701423,23.34273,3745.2651
STK,7,13.07,24.35,66841.07
GAM,7,12.19,38.27,45548.23
SMCP,7,18.37,27.26,6223.1157
WTTR,7,11.36,21.7,489112.9
OIA,7,4.17,8.29,71282.195
FOE,7,0.86,25.35,796557.4
ALNA,7,6.28,16.6,110275.98
KELYB,7,21.5,25.89,466.66666
FPRX,7,8.49,60.89,371507.22
WCFB,7,4.1992106,10.95,4623.2705
NUE,7,25.52,82.07,3612126.5
RSG,7,61.96,74.52,1604704.5
PBCT,7,10.56,21.75,3930679.2
RFAP,7,48.38,64.57,5121.881
KST,7,6.05,15.86,14206.057
BHK,7,8.35,16.19,94759.74
CHSCM,7,24.48,29.61,55807.914
AZRE,7,12.76,21.75,32908.008
QTNA,7,10.05,24.62,342759.66
TUP,7,11.4,96.0,668430.2
FLL,7,0.88,4.92,46220.594
MTECU,7,10.02,11.33,23877.777
HPQ,7,5.317893,24.75931,3.1756942E7
NCA,6,7.3,11.45,43288.363
DCO,6,7.9,40.1,71989.125
TELL,6,0.23,24.8,177819.47
SRCL,6,45.82,150.84,687628.56
CBRE,6,41.78,49.98,1921582.6
CBD,6,8.01,56.83,624511.94
CNNE,6,16.43,21.18,383909.9
MCY,6,22.68,64.15,211355.66
QNST,6,2.63,24.12,235311.38
MHD,6,8.16,19.92,30492.164
HIBB,6,10.85,67.73,467683.3
VBF,6,12.49,22.5,31328.674
CRED,6,77.23,114.88,67928.58
BRPAU,6,10.0,10.95,29720.69
ISCA,6,16.49,47.15,165244.25
ANAT,6,34.93,131.18,29626.643
NMFC,6,10.77,15.6,301003.03
FRBK,6,1.15,10.25,72991.26
MNP,6,7.88,18.45,23984.861
ZYME,6,6.48,21.86,62147.46
SRG,6,33.84,56.47,316060.16
NZF,6,7.55,16.26,144318.98
TRI,6,20.0,48.06,805602.0
AGNCN,6,24.85,26.75,102879.15
