TAHO,-58,3.6,27.31,1049356.5
OCSL,-58,3.92,13.95,895912.44
STAR,-58,0.76,27.66,1227594.6
ARWR,-58,1.24,35.5,744363.0
AEHR,-58,0.5,10.89,53827.848
ASYS,-58,2.46,29.07,112839.23
ERYP,-58,9.72,30.3,6599.371
PETZ,-58,2.28,29.22,139815.39
CSS,-58,10.22,38.33,31695.959
NVFY,-58,0.39,14.0,142737.23
AVDL,-58,2.99,25.69,164268.11
CUZ,-58,5.4,28.4,1653357.8
KMPH,-58,2.55,23.63,94118.32
ZNGA,-58,1.81,14.69,1.682944E7
BBDO,-58,4.34,18.36,4917.13
ATHX,-58,0.32,5.55,532069.8
TSU,-58,7.12,51.06,1020628.9
ROSE,-58,3.55,61.82,754730.0
ACET,-58,2.28,31.66,207324.48
HPJ,-58,0.92,9.7,115847.484
LPG,-58,5.09,23.47,243715.39
SOHU,-58,20.85,106.28,898235.06
BVN,-58,3.38,55.92,1473809.6
TTOO,-58,2.52,23.4,202150.78
INAP,-58,3.28,42.8,107368.53
WLL,-58,14.12,370.64,1892580.1
CCM,-59,2.2839072,9.96,59872.13
MVO,-59,3.67,45.99,57246.246
IID,-59,5.47,16.81,36729.54
BKCC,-59,2.41,15.19,397720.25
ICL,-59,3.53,25.5,113454.98
NLNK,-59,2.72,56.87,547682.6
BHGE,-59,25.94,89.56,4793949.5
COWN,-59,8.76,43.24,161012.94
CBA,-59,4.77,21.36,228724.98
LTRPA,-59,8.2,37.93,689970.9
ULBI,-59,2.58,22.69,69642.24
HAFC,-59,6.08,74.88,149684.98
AMAG,-59,12.3,76.46,582323.56
AB,-59,10.27,77.09,395379.38
IFN,-59,13.15,62.7,240709.11
PFH,-59,9.0,26.35,7371.434
KERX,-59,0.11,18.19,1891246.1
HABT,-59,8.35,41.89,410975.25
NVAX,-59,0.56,14.14,3695051.2
HMHC,-59,5.25,26.95,806849.0
BGFV,-59,3.3,24.8,279221.75
CEE,-59,11.91,59.49,35135.656
VALE,-59,2.15,43.91,2.5053046E7
ABDC,-59,5.96,15.05,59640.996
BRFS,-60,4.68,27.19,1590552.9
KZIA,-60,0.658328,14.318629,83052.164
BOE,-60,10.53,28.39,207842.25
FTRI,-60,8.41,46.59,33436.566
EVOL,-60,2.2,6.13,27124.9
CMSS,-60,9.59,25.12,95687.586
UCBI,-60,6.25,100.80904,277456.4
EDD,-60,6.07,18.37,276929.72
APA,-60,34.15,146.8,3867018.8
PIXY,-60,2.0,10.32,476718.2
SCHN,-60,11.96,114.6,444379.5
IHD,-60,6.32,20.38,76049.98
VIV,-60,7.98,31.77,1239172.5
ELJ,-60,0.085,26.22,10148.159
AVH,-60,3.48,18.39,204547.81
XPER,-60,8.83,45.8,573745.44
IVAC,-60,3.43,17.46,117936.54
KDMN,-60,2.09,10.23,425099.84
WPG,-60,5.63,21.26,2133088.8
GEOS,-61,4.615,110.88,125214.75
CDXC,-61,0.45000002,15.0,120092.94
CELP,-61,5.55,25.22,37367.555
PIR,-61,0.11,25.2,2138928.0
ZYNE,-61,4.99,36.49,367589.66
LOMA,-61,8.3,25.02,700099.44
PICO,-61,7.91,48.22,92629.984
RTTR,-61,0.217,4.96,282842.97
CKPT,-61,2.45,10.0,54581.785
CVE,-61,6.8,40.24,1986853.6
LPL,-61,5.54,24.99,873587.5
DLBS,-61,9.85,56.86,12314.43
MDWD,-62,3.9,18.16,46832.914
OI,-62,9.73,59.9,1859626.2
CELGZ,-62,0.18,8.8,33684.816
JE,-62,2.8,16.32,205427.86
BWP,-62,9.26,34.2,784735.9
BIOS,-62,1.02,17.23,755686.2
SCPH,-62,4.225,17.32,95781.34
MFG,-62,2.45,11.28,505144.7
SSW,-62,4.52,31.4,484370.94
DXYN,-62,1.4,4.0,19439.355
CRT,-62,12.02,62.89,20863.348
SBGL,-62,2.05,20.37255,1865871.2
CADC,-62,1.46,95.88,27203.098
PEI,-63,2.47,28.92,721497.2
SHSP,-63,3.0,39.5,20028.275
TRVG,-63,4.09,24.07,1207310.5
LTRPB,-63,9.0,42.0,1228.7081
SCX,-63,5.37,28.3,12144.478
LKSD,-63,11.12,37.4,363068.6
LDF,-63,6.41,34.42,16768.697
ZBIO,-63,13.98,97.54,25222.652
NVCN,-63,0.03,9.9,5753447.5
ABIL,-63,0.34,12.02,197588.5
ING,-63,3.03,40.4,2880838.2
AKAO,-63,2.7,27.01,573366.56
FBZ,-63,7.51,31.44,24253.395
FENG,-63,2.46,13.3,314007.25
LILA,-63,17.5,50.0,293177.53
AGC,-63,4.17,15.96,120628.26
GVP,-63,1.2,10.75,46554.81
IRR,-63,4.43,17.97,86725.72
TMST,-63,3.99,49.94,568118.4
