CGBD,-5,17.02,20.04,136511.55
DINT,-5,18.14,20.49,25219.166
CLMT,-5,6.48,7.85,237880.0
TTM,-5,3.14,51.47,1575860.4
LEVL,-5,26.96,29.26,24973.863
WSCI,-5,1.15,17.45,16823.566
MS,-5,9.2,58.91,1.7974072E7
WEA,-5,5.72,17.0,38718.67
SGMS,-5,4.81,62.05,1016497.6
JCS,-5,3.29,4.23,12626.451
DGII,-5,6.55,15.04,107240.03
IQI,-5,6.86,14.98,90248.8
MRSN,-5,10.87,22.68,120540.27
CNHI,-5,5.76,15.5,1407397.5
NEV,-5,11.76,17.26,67737.05
EQT,-5,22.94,109.84,1784082.8
SKM,-5,11.14,31.75,1155795.0
UBFO,-5,1.7486255,14.034429,13065.923
MRBK,-5,17.11,20.98,13650.55
FNB,-5,5.38,17.5,1214116.5
NMY,-5,7.98,16.26,32357.727
OXFD,-5,7.9,24.42,83710.73
CRH,-5,14.38,40.92,372165.5
DBX,-5,26.77,42.0,5371794.5
NNC,-5,9.87,16.1,22078.773
ENIA,-5,5.7443366,13.505719,1086742.0
MRC,-5,8.71,33.7,1184701.5
JELD,-5,23.71,41.81,781128.6
VWOB,-5,72.32,81.96,66728.53
BLW,-5,9.52,19.17,114871.266
CTU,-5,21.41,27.9,37486.82
MAGS,-5,2.2,9.2,42968.62
ETV,-5,8.35,17.69,192200.72
CCBG,-6,6.51,34.5,27694.219
RFTA,-6,18.44,25.289,11187.54
DBVT,-6,16.81,49.36,166759.67
MDIV,-6,16.39,22.51,170765.55
HSDT,-6,2.98,19.915,10552.433
CCT,-6,14.63,18.98,513426.56
IX,-6,9.72,100.03,33237.0
SCG,-6,26.37,76.12,943259.75
KEN,-6,7.4,32.28,3380.663
HOG,-6,8.2,73.94,2705122.5
MCR,-6,6.05,10.58,135329.58
CAPL,-6,15.84,40.29,76811.945
VVV,-6,18.9,25.4,1472877.5
KEY,-6,4.6,26.42,1.3048433E7
PML,-6,5.21,15.38,143627.12
IBA,-6,53.0,63.84,7683.2256
SCWX,-6,7.99,15.49,132353.81
DSKE,-6,8.28,14.47,229223.19
TCAP,-6,5.6,30.28,192515.31
LMRKN,-6,22.478,24.24,12077.381
GMRE,-6,6.5,11.12,150560.52
PGZ,-6,14.65,20.3,27302.766
BFK,-6,6.75,16.72,90996.64
FPAY,-6,0.5,10.1,5329.7915
DTF,-6,9.04,19.0,17551.25
LCUT,-6,0.99,20.65,39142.516
EFT,-6,6.72,17.88,137795.67
CXE,-6,2.64,6.03,75153.5
CNQ,-6,13.49,53.705,3870431.2
VOYA,-6,46.75,55.15,1967412.5
DRQ,-6,14.3,119.38,461971.47
HIHO,-6,3.95,6.08,14054.193
ERII,-6,1.97,16.35,372026.84
DWFI,-6,23.36,26.06,30216.0
