HZN,-53,5.31,25.86,271118.34
ORAN,-53,9.2,38.42,719668.7
FLNT,-53,2.2,4.9,428459.62
BGR,-53,10.41,37.27,114020.45
INWK,-53,1.92,16.2,248977.11
FSTR,-53,9.33,56.45,67503.914
P,-53,4.13,39.43,7019425.0
ENLC,-53,0.79,42.48,427395.47
AWP,-53,2.2,14.45,356476.72
S,-53,1.37,13.01,3.598692E7
RIO,-53,15.18,138.7325,3259859.8
CPTA,-53,7.06,20.2,83210.914
NWPX,-53,7.74,63.0,67360.06
MFC,-53,7.13,40.21,2346092.5
VOXX,-53,2.13,17.9,134197.9
BRQS,-53,4.0,10.5,11901.552
ITG,-53,7.72,49.91,404459.56
LPI,-53,4.1,33.52,2624099.0
DVN,-53,18.65,124.36,4902955.0
CETXP,-53,3.92,8.658009,8399.308
IGD,-54,6.04,17.9,342507.16
OASM,-54,0.801,4.87,16411.012
GLIBP,-54,22.55,54.02,47196.582
EEP,-54,8.99,40.77,924115.6
FNCB,-54,2.12,18.99,3744.922
CJJD,-54,1.17,4.08,61524.887
SMIT,-54,1.42,7.08,30315.19
BBD,-54,3.322314,18.482344,1.2529284E7
UTSI,-54,1.69,17.64,154223.62
PAGP,-54,14.1866665,85.30666,1105588.1
SBRA,-54,8.65,55.62,520572.28
FEYE,-54,10.4,95.63,5048964.0
SRCLP,-54,44.31,107.3,76291.16
CSBR,-54,1.48,22.8,20317.176
SUN,-54,0.005,60.303,1369804.9
MPVD,-54,0.58,6.64,30137.746
ATH,-54,43.3,119.75,1172547.1
TUR,-54,18.07,78.76,330237.62
EXD,-54,8.94,20.8,46501.316
ZKIN,-54,3.17,12.11,53103.24
QBAK,-54,2.46,21.48,14069.432
CDMO,-54,2.030002,37.73,505503.97
PBPB,-54,10.09,32.4,320749.2
EWZS,-54,5.79,31.56,41327.312
DXLG,-55,0.26,7.15,190221.38
BOXL,-55,3.0,11.8,231987.1
BCX,-55,5.75,20.04,284431.78
ACTG,-55,2.01,46.47,420603.0
KOSS,-55,1.26,9.94,20912.275
TTPH,-55,2.08,51.89,626224.1
MOBL,-55,2.575,12.05,491770.3
ASTC,-55,1.25,19.7,50506.656
TRPX,-55,3.1,10.13,64999.723
MFD,-55,6.14,29.15,32113.934
CTHR,-55,0.19,8.27,54269.98
ASPN,-55,3.55,11.46,63852.676
CDR,-55,1.68,14.02,378403.5
APTO,-55,0.8,7.75,212442.7
CRZO,-55,7.82,74.77,1339382.8
TYME,-55,1.22,11.25,93062.39
MLP,-55,1.9,34.25,21505.99
KTP,-55,9.94,26.3,11325.206
NYMX,-56,0.33,9.34,205640.4
LUNA,-56,0.3,8.49,93625.18
AQMS,-56,1.59,21.89,384813.03
CODA,-56,0.028,12.46,19935.713
HSC,-56,3.67,63.82,639690.9
INOV,-56,8.75,31.91,625212.94
NCMI,-56,5.15,24.22,362794.94
LM,-56,10.79,74.49,1868799.8
BCLI,-56,0.75,10.35,80587.92
IDSA,-56,0.9,20.73,36397.96
CAF,-56,14.4,55.0,197594.72
DTYS,-56,10.19,56.42,42123.434
ANIP,-56,5.4,204.84,118347.61
ATEN,-56,3.93,16.21,441579.16
IAE,-56,7.65,22.87,48239.72
HIVE,-57,3.12,11.54,277664.2
PTR,-57,54.05,182.12,317771.84
JMLP,-57,4.07,20.0,69329.78
TLRA,-57,1.48,11.01,194427.16
FORM,-57,3.78,33.16,528053.44
HIL,-57,2.35,19.3,158041.58
PGNX,-57,1.52,18.25,690109.75
PAAS,-57,5.63,42.65,1846950.2
MXWL,-57,3.34,21.53,288427.75
MUR,-57,15.76,87.1589,2423381.5
CETX,-57,1.649,8.05,227034.97
DNI,-57,8.68,29.64,32584.69
ERJ,-57,9.75,48.01,1113374.1
SYNC,-57,1.3,17.34,281173.0
FEDU,-57,4.29,10.1,92321.39
CASM,-57,0.61,5.54,38664.465
THST,-57,0.8,4.0,48061.76
