OOMA,53,5.84,16.45,92132.05
HOPE,53,2.07,22.69,396551.78
BME,53,15.99,47.45,23157.234
WLTW,53,49.880795,164.14,507216.75
DGRS,53,23.63,38.67,11364.241
NVS,53,33.96,106.12,2179730.5
D,53,27.29,84.91,2807844.0
UL,53,17.04,59.92,1289728.5
HQL,53,6.53,31.13,73057.68
CBH,53,0.08,10.35,124791.05
BLMN,53,12.41,26.91,1326493.1
NTNX,53,14.46,63.71,3277478.0
MVBF,53,9.75,20.1,7371.7744
MANT,53,20.25,64.98,202917.25
KVHI,53,2.92,16.42,51173.797
VIAV,53,1.2571104,16.018202,7558031.0
AMRX,53,13.95,24.27,1385612.4
CVG,53,4.06,30.78,802356.1
CVI,53,2.25,70.38,758430.75
TTMI,53,3.9,19.47,666916.7
MRVL,53,4.78,24.37,9932886.0
PNK,53,2.75,40.39,824685.4
HONE,53,12.68,22.05,67109.39
UNM,52,7.99,58.59,2455587.8
RDNT,52,0.93,15.4,219358.81
NEP,52,19.91,50.05,290006.16
GLUU,52,0.23,7.64,2238916.5
LB,52,6.26,100.22,3625871.8
ZGNX,52,7.35,61.35,457441.16
TSI,52,2.02,6.07,111449.52
UBA,52,10.08,25.13,95965.375
LSXMK,52,29.29,48.49,663690.3
GFN,52,0.85,14.1,22641.459
TDC,52,11.46,80.62,1764789.9
HY,52,38.09,106.12,59976.316
CHMG,52,15.1,54.3,4649.0728
TU,52,11.365,38.69,269631.25
LPT,51,12.93,45.29,1091986.0
BDGE,51,17.5,38.95,25328.43
DOC,51,11.22,22.02,952803.75
EYE,51,28.04,44.9,484315.47
LRAD,51,0.35,3.56,79841.99
OSK,51,3.92,96.24,1114736.8
INDY,51,18.03,39.29,189872.16
BOOT,51,5.53,33.99,207629.78
EVA,51,11.96,32.55,100743.82
MATX,51,7.772695,52.82,400893.0
TILE,50,1.49,26.45,431823.3
WPXP,50,21.04,80.49,67806.72
CXSE,50,38.26,96.79,10383.449
BOCH,50,3.14,13.2,20614.871
NTRI,50,7.23,62.95,567493.3
BOTZ,50,14.7,27.38,759439.44
JD,50,20.1,50.5,1.1001331E7
KTWO,50,10.3,26.19,278053.34
ABM,50,11.79,44.79,315186.94
CINR,50,18.0,32.5,34822.215
AFL,50,5.745,46.92,6429991.5
NEWM,50,10.5,25.39,374911.06
DLBL,50,42.83,81.65,10440.459
LBTYB,50,4.8767967,56.81,1775.726
KO,49,18.925,48.53,1.6740544E7
VEC,49,15.23,39.85,101133.54
FF,49,9.03,21.44,126149.33
RYN,49,11.46129,45.04108,1261500.6
HIMX,49,0.98,15.65,2575512.2
SATS,49,13.04,62.25,207414.95
EPR,49,12.7,84.46,422834.03
CAE,49,4.36,21.48,67743.8
PHO,49,10.14,31.87,210486.84
XT,49,21.22,38.52,121749.85
CVV,49,2.19,19.18,31509.416
FWONK,49,17.7,40.73,1061960.2
MCBC,48,1.1,12.77,53915.086
TCF,48,8.79,27.2,1716514.5
OMC,48,22.06,88.47,2086097.4
IROQ,48,16.36,25.0,4088.2268
PEP,48,45.81,121.76,5931472.5
CFA,48,32.25,52.08,27958.105
AFC,48,4.0,26.29,19166.953
BHE,48,8.67,35.6,357033.66
PUI,48,11.52,29.78,29971.092
CFO,48,32.14,52.02,40451.773
CNS,48,7.8,47.67,174652.7
ORI,48,7.18,22.31,1795029.4
PHX,47,6.59,33.665,43555.516
AMH,47,13.21,23.77,1731937.9
CYCCP,47,0.58,10.25,3668.926
ICBK,47,17.02,35.16,8718.519
STOR,47,19.5,31.19,1309939.8
GFF,47,6.04,27.05,203858.95
PCOM,47,6.37,31.79,56060.316
WSBF,47,1.6131972,20.05,59200.516
BFR,47,1.6080843,26.6,192562.14
SMPL,47,11.14,17.98,466081.12
TESS,47,3.7066667,41.77,28505.654
ORG,47,0.001,1943.06,1973.2034
AXS,47,17.92,70.92,836211.3
BXS,47,8.34,35.2,691363.44
