NXJ,0,8.01,16.7,36834.39
USAC,0,7.23,27.99,146611.33
VIDI,0,18.2,30.29,88492.02
SHV,0,109.66,110.58,629231.06
IHIT,0,9.54,10.48,57486.137
AFST,0,23.55,27.94,19583.719
ARQL,0,0.94,8.18,401999.5
LGC,0,9.51,9.7,79593.83
NNY,0,6.75,10.8,23227.703
TIBR,0,9.55,9.65,176107.31
OPESU,0,10.01,10.15,71104.29
TCBIL,0,21.04,26.86,9006.103
HURC,0,8.38,51.49,36003.51
MOSC,0,9.57,9.85,78048.27
GEL,0,7.28,57.3,327333.12
IUSB,0,48.94,52.4,64389.38
NGHCO,0,23.34,26.87,29568.654
NXQ,0,11.27,15.26,31467.127
IGI,0,18.62,24.24,38025.53
LEXEB,0,39.167,49.441,200.0
SLQD,0,49.49,51.08,53476.98
FCAL,0,49.69,51.58,2295.8904
SPXX,0,8.01,19.31,54668.434
AGNC,0,13.97,36.68,3817907.0
MMD,0,15.03,21.2,78762.945
FTXG,0,19.06,21.28,3244.2104
TCCB,0,24.338,26.71,5743.9717
BGCP,0,1.4,16.75,1044587.1
CFFN,0,10.200115,22.136326,664465.1
FMN,0,7.58,17.55,15940.731
GTYH,0,9.8,12.0,84108.695
PBCTP,0,24.47,28.73,43847.203
OXSQL,0,25.32,26.4,2490.2173
HYB,0,3.4,11.61,70425.64
HCXZ,0,24.3,25.02,12273.951
CLNC,0,18.45,21.5,465158.88
NYMTP,0,17.28,25.5,11254.262
NEWTZ,0,24.18,27.5,2103.5442
VTRB,0,20.4,28.19,24011.62
SOHOB,0,24.8,26.24,2338.889
LACQ,0,9.55,9.75,146008.33
MCV,0,21.64,26.24,6159.2563
MUE,0,7.37,16.18,63754.44
NFTY,0,35.15,39.68,695.2941
BBF,0,7.44,16.68,18013.498
IVFVC,0,99.99,100.02,4669.5654
SBNA,0,18.65,26.58,5735.5786
RCS,0,6.81,12.57,131296.05
BPOPN,0,10.05,25.39,7386.6147
HFGIC,0,100.1,100.1,1250.0
NAZ,0,8.94,17.4,14197.523
NEBUU,0,9.96,10.18,97337.65
KSM,0,6.57,16.12,24623.191
VIRT,0,12.55,37.4,577011.7
FDIV,0,43.54,52.006,8630.648
LEGR,0,27.19,30.62,20178.082
SOHOK,0,25.49,26.6,3889.3203
FOANC,0,99.9,100.1,8523.077
AMRK,0,9.44,21.99,18509.37
LMRKP,0,22.75,26.4,5738.6196
DUKH,0,19.75,27.17,52723.316
SSWN,0,22.05,25.92,23946.467
RILYG,0,24.55,25.47,18442.857
RIV,0,15.688976,21.55,33662.84
SOHOO,0,24.54,25.88,4385.7144
NUO,0,8.47,20.13,22218.27
MDLQ,0,24.51,25.66,11374.278
NSS,0,17.02,28.06,45805.836
SWJ,0,20.9,27.11,73312.766
GAINN,0,21.61,26.24,7833.5166
BOKFL,0,21.6,26.44,24374.033
RNEM,0,49.02,59.219,1798.4694
DFBH,0,9.6,9.8,128642.1
GFNCP,0,59.76,114.5,1394.617
LANDP,0,25.25,26.7,3486.537
TDA,0,19.11,26.1,24172.746
MDLX,0,23.05,25.06,10643.61
MOGLC,0,99.96,100.04,7280.0
CBX,0,1.01,1.01,300.0
TDE,0,20.76,27.93,18230.975
CPTAL,0,24.25,25.96,5630.357
VGSH,0,59.67,61.44,97401.23
VRIG,0,24.98,25.34,61630.95
LKOR,0,48.28,56.69,3278.798
MUDS,0,9.55,9.74,157146.88
MFL,0,7.3,17.16,91270.48
LDP,0,21.21,27.55,87887.2
QYLD,0,20.71,25.95,30558.135
EVLMC,0,49.95,50.03,12745.033
ENO,0,22.66,27.658,16458.592
DYSL,0,0.97,2.04,32225.422
ARGD,0,25.06,25.5,7886.6665
WHF,0,9.38,15.99,47660.34
CHMI,0,12.65,20.4,80156.79
ALX,0,132.06,481.9,6623.312
SNE,0,9.63,57.19,1612380.8
PDLB,0,14.51,16.2,20958.441
OCSLL,0,20.79,26.27,7859.0503
STNL,0,9.6,10.025,47859.09
LMHB,0,21.0,25.46,102475.0
SBR,0,24.22,70.0,26724.188
STXB,0,20.25,22.15,63943.21
LADR,0,9.6,20.45,435323.03
CMSA,0,24.14,25.25,44744.74
FMHI,0,49.495,50.77,5486.3096
CRUSC,0,99.99,99.99,600.0
KRP,0,15.29,23.92,32439.285
JMPB,0,19.67,26.37,4310.542
CIC,0,9.65,9.9,81525.23
IPOA,0,9.95,10.12,105810.32
NEBU,0,9.65,11.024,50288.234
WRE,0,15.6,37.61,529050.3
TCPC,0,12.36,18.31,210908.05
BGCA,0,23.36,28.27,12247.317
