EBTC,188,8.65,41.92,10104.05
ZTS,188,28.4,93.23,3617988.5
PSA,188,48.05,276.27,1131783.9
COKE,188,32.61,244.04,32688.47
CMS,187,8.81,50.55,2813192.0
WETF,187,0.55,26.07,1276650.4
ADES,187,1.035,28.995,106483.68
SAIC,187,29.51,90.92,290531.72
FBNK,187,10.34,32.25,47544.04
UIHC,186,2.0,28.09,129740.76
NVTR,186,4.3,23.01,116466.25
SANM,186,1.2,42.45,803295.75
WSM,186,4.72,88.67,1691392.8
MGEE,186,18.393333,68.5,88199.766
MCHP,185,16.59,103.31,2601957.0
RJF,185,11.48,101.73,959942.6
MAIN,185,8.82,41.55,191138.61
KBWB,185,18.08,60.11,345061.3
HXL,185,4.59,73.26,767529.44
ITT,184,10.6941,62.14,2294583.5
GWB,184,12.5,45.46,367019.2
IDA,184,21.02,98.91,280994.2
NOVT,184,1.38,77.2,113719.86
FFBC,184,5.58,33.55,252966.34
FDX,184,34.28,274.32,2369333.5
WEC,183,18.275,69.53,1739507.8
WTS,183,15.96,86.5,229760.77
SSD,183,13.8,74.73,241943.67
HWKN,183,12.9,54.7,31077.08
THG,183,28.49,130.49,283529.44
AER,182,1.83,57.91,969434.5
QABA,182,18.57,58.34,27982.57
DOV,182,14.787604,86.470116,2096508.2
GRA,182,3.01,104.52,686677.75
BXG,182,0.74,25.71,87418.11
INGR,181,17.95,146.04,602949.2
WM,181,22.23,91.34,2707248.5
NJR,181,14.69,47.3,492010.53
SIGI,180,10.17,63.9,202974.23
TECH,180,45.64,188.25,170253.7
CCI,180,10.19,114.26,2294043.5
AIT,179,14.75,78.3,254808.17
LSTR,179,27.46,116.85,453448.34
IFF,179,24.9,156.87,559389.9
CLVS,179,11.57,114.64,990332.94
RLI,179,21.565,77.89,195094.53
HRS,179,26.26544,169.0,993269.6
CDNS,178,2.61,46.82,3274606.5
MYL,178,5.77,76.06,6218184.5
WTFC,178,9.91,97.56,322846.0
MEOH,178,5.94,74.45,616900.94
IR,177,9.456869,100.76,3680205.5
ABBV,177,33.71,123.21,7915635.0
PSCD,177,21.08,71.63,11310.606
MTDR,177,7.72,34.28,1075109.4
NHI,177,18.62,82.39,154310.61
JHX,177,1.876,18.57,18667.418
MFSF,176,3.51,40.35,8454.264
H,176,27.9,84.24,483658.28
PRFZ,176,22.26,145.42,46771.156
IART,176,9.525,67.23,481354.4
TRMB,176,6.045,45.08,1561132.6
CTRP,176,4.1275,59.73,4889450.5
SKYY,175,15.16,56.39,97219.11
BRSS,175,11.72,38.05,132645.81
CEMI,175,3.56,11.5,30049.105
ETP,175,4.8516665,51.13,1532383.2
MCD,174,50.75,178.36,6340871.0
MPX,173,3.21,20.06,26920.086
MMI,173,13.15,52.91,137956.6
HSIC,173,16.535,93.285,1177415.8
GBX,173,1.91,77.54,461825.66
PHM,173,3.54,35.15,7880282.5
CW,172,22.74,142.06,262567.62
EWBC,172,3.24,73.02,1156470.5
WGL,172,24.84,88.75,332868.06
WLFC,172,7.49,35.49,17445.492
CIVBP,172,27.999,80.0,2021.1641
ANIK,172,3.0,68.43,124568.805
FUL,171,9.76,58.97,352003.03
JPM,171,15.9,118.77,2.992919E7
GNTX,171,3.36,25.22,2291238.0
