SF,142,16.53333,67.97,470384.44
WK,142,10.99,33.3,142524.48
BBH,142,28.37,144.66,165566.77
PLXS,142,10.5,65.87,263564.16
NSSC,142,0.81,17.0,27685.127
SGH,141,12.98,54.45,551065.06
PCMI,141,2.67,30.3,80074.01
MINI,140,8.46,49.9,221958.98
PH,140,27.86,210.94,1477887.9
BSET,140,0.79,41.3,41546.504
SKYW,140,6.31,64.25,428731.5
AVA,140,12.77,52.91,359724.47
MLVF,140,5.210272,28.05,9315.859
HDS,140,18.66,45.94,2025068.4
GTLS,140,5.26,130.17,409259.72
FSBC,140,4.5938993,18.1,3222.829
ESRX,140,21.945,94.08,5082411.5
MAA,140,22.99,110.32,510790.25
EQM,139,23.75,99.12,306954.28
OGS,139,32.25,80.03,276384.62
WWD,139,8.04,84.65,391469.66
SSBI,139,3.36,16.09,6525.7666
CAKE,139,5.32,67.09,1086153.4
AGIO,139,16.06,135.01,567746.8
KRO,139,2.625,33.92,340358.22
SAIL,139,13.0,31.17,971230.75
SFIX,138,14.85,37.98,1464575.0
THRM,138,2.24,57.86,297361.22
SAP,138,29.7,121.96,1514216.0
FFG,138,2.1,84.95,60742.414
PRSC,138,0.75,82.81,106109.625
ABAX,138,10.28,83.72,184451.52
MLI,138,8.075,43.25,326244.84
ALV,138,8.8832855,115.10087,1077997.6
RUSHA,138,5.54,55.16,168423.67
TLND,137,21.325,63.25,220815.27
ECYT,137,1.19,28.17,664146.25
CCNE,137,8.65,32.14,19784.17
KW,137,8.56,28.09,343334.47
FCAP,137,12.17,43.02,1650.3976
MXIM,137,10.75,66.27,2951339.0
ECHO,137,10.04,34.45,226810.97
ISBC,137,2.6912515,15.01,1555914.9
RSPP,137,18.29,50.31,1670947.1
FSS,137,3.5,27.86,319987.44
SBBX,137,2.75,31.45,7298.0166
SYNH,137,20.67,60.65,685151.6
CSA,136,20.55,76.822,4369.629
EGP,135,21.14,98.97,204793.94
ALB,135,15.81,144.58,1049346.0
FRME,135,5.04,49.51,111106.78
TLF,135,1.56,9.95,10702.351
CDNA,134,0.786,21.2,177437.2
TSC,134,9.05,29.85,90233.086
MGRC,134,12.04,67.81,87612.695
PSCF,134,21.81,60.46,13322.622
CHH,134,20.14,84.6,227842.3
GATX,134,13.87,88.28,396744.78
STAG,133,9.72,28.99,463797.25
ALOT,133,4.6,21.15,7782.204
PAM,133,2.85,71.65,182710.33
FBNC,133,7.27,42.96,49165.27
COG,132,4.535,41.61,6768952.5
EAT,132,3.99,63.12,1578617.2
VTWV,132,46.93,119.34,6122.7817
TECD,132,15.28,110.29,458625.06
O,132,15.03,72.14,1622127.9
MERC,132,0.27,18.5,214927.06
FRGI,132,11.1,66.99,324511.9
CSFL,132,4.89,32.07,149968.69
LH,132,53.51,189.41,967189.94
APPN,132,15.01,43.06,429847.0
THS,132,19.47,104.35,434402.3
PAC,131,14.42,118.81,120641.71
RACE,131,32.0,149.33,675935.4
OVLY,130,9.3,23.3,9737.28
DECK,130,12.57,121.94,1296324.2
BAX,130,21.982618,76.51,6150187.0
SEDG,130,12.25,68.55,889092.9
DWAS,130,23.9,57.79,79421.72
JHD,130,4.275,10.35,55374.273
SYK,130,31.19,179.78,1772612.0
CNOB,130,6.43,31.35,55933.19
CMA,130,12.36,102.21,2599615.8
MBWM,129,2.84,38.37,28159.672
MNOV,129,1.43,13.91,74968.98
BMY,129,17.26,76.77,1.0603945E7
IRDM,129,5.45,20.85,658854.6
CFR,129,36.61,120.77,515525.9
ARCB,129,6.56,49.65,425908.4
FTC,129,14.56,69.45,43306.688
FAB,129,11.03,59.21,12826.86
BLDR,129,0.83,23.03,573208.75
CMI,128,17.78,192.5,2286413.5
STX,128,3.11,68.82,7747953.0
REXR,128,12.69,32.66,394012.62
NXRT,128,10.81,33.34,108126.58
SIRI,128,0.06,7.64,4.8788108E7
CLX,128,45.9,149.69,1209101.5
GTN,128,0.18,17.85,595097.25
