NAC,-1,7.57,17.18,108724.234
ETX,-1,13.65,21.61,38175.44
AFSS,-1,22.04,26.75,21543.766
TROX,-1,3.0,37.662,962935.94
XENE,-1,2.2,23.0,72704.29
NGHCN,-1,23.5,26.47,28975.979
PCG,-1,29.7,71.56,3015828.2
GPMT,-1,16.38,19.3,410397.78
RVT,-1,4.5572,17.08,218120.28
RVNC,-1,12.55,40.78,260001.36
TPZ,-1,12.52,29.61,27377.033
MEN,-1,5.9,13.36,68230.05
CBLK,-1,20.44,34.1,672302.06
WPX,-1,3.56,26.62,5686184.5
AIW,-1,17.0,25.25,3146.8284
L,-1,18.02,53.46,1682543.5
SKOR,-1,48.59,52.11,4031.2576
CIZ,-1,27.35,37.8,13129.515
AMRB,-1,14.93,16.78,8386.014
APLE,-1,16.38,20.68,1126576.5
EOS,-1,7.59,18.82,151936.36
RCII,-1,7.3,40.5,958761.9
MUI,-1,8.26,17.81,92423.62
CARS,-1,22.0,32.47,1393977.6
ACGLO,-1,23.77,25.8,64385.547
CIVI,-1,11.35,29.94,100009.625
DRUA,-1,21.09,25.94,122140.61
MYJ,-1,8.19,18.04,24632.363
JHA,-1,9.77,10.44,67439.0
CUBS,-1,25.08,27.73,3962.186
MDC,-1,14.25,44.583332,819070.56
FT,-1,3.04,7.78,51540.594
MUS,-1,7.12,17.0,37300.13
GAINO,-1,23.05,26.15,6753.1675
ISTB,-1,48.9,50.83,81585.25
MHF,-1,5.78,9.03,45672.133
ENJ,-1,18.61,28.1,4042.0498
MFM,-1,3.52,8.29,78921.305
NXEO,-1,7.02,11.0,172378.67
MNE,-1,7.52,16.53,10032.015
MDP,-1,10.88,71.8,456458.34
DTJ,-1,21.85,26.14,43606.82
TANNI,-1,19.4,27.25,13490.426
AXL,-1,0.29,26.04,2059188.2
EAB,-1,18.96,26.28,20393.012
VTIP,-1,48.09,50.36,276068.03
CNCR,-1,18.65,31.97,20097.645
SGRY,-1,7.65,23.65,299728.5
KBWD,-1,17.2,26.64,58670.164
RZB,-1,24.98,29.59,38313.668
LDRI,-1,24.34,26.7,6782.376
FIXD,-1,48.9,51.36,40300.52
NAD,-2,7.9,16.27,142727.08
MTRX,-2,5.1,37.21,222465.8
WRI,-2,8.41,43.44,1038690.6
EZT,-2,24.3,28.18,6378.6846
WRK,-2,26.975403,70.27,1742596.4
NXN,-2,10.93,15.89,7395.5366
DCP,-2,5.75,58.19,315980.34
NXP,-2,11.9,16.17,29684.975
BKN,-2,6.95,18.16,40160.816
OAK,-2,34.82,61.68,257153.1
PCI,-2,16.71,25.81,546150.2
NTX,-2,8.43,17.25,15697.91
CCRC,-2,5.75,33.77,183897.75
BELFB,-2,9.07,33.25,34704.598
SUSB,-2,24.46,25.39,14568.273
MUH,-2,13.63,14.59,24425.162
MYD,-2,7.19,17.28,94265.12
IHTA,-2,8.83,10.32,28517.877
KMPA,-2,25.52,28.3,9772.229
SIR,-2,17.82,31.09,352428.22
EMXC,-2,47.7,58.414,1543.7811
SOJB,-2,21.45,26.16,121631.34
SOJC,-2,23.43,25.45,120597.86
OFC,-2,19.37,43.19,797685.7
RILYL,-2,25.16,26.61,6630.854
DFP,-2,19.68,27.2,73256.86
BPK,-2,10.6,17.37,28932.91
SBI,-2,5.94,11.04,25398.209
ORA,-2,14.43,70.08,178780.62
BILI,-2,9.99,21.28,5205526.5
CHY,-2,5.77,15.09,216504.17
BJZ,-2,9.55,16.93,10264.604
CTIB,-2,1.3,9.35,9640.5
GNMA,-2,47.15,52.78,14903.529
DTQ,-2,19.27,26.39,21172.623
FFBW,-2,10.37,11.65,12987.766
SPRO,-2,9.96,17.85,89962.74
AIC,-2,16.98,25.39,3918.7817
SPKEP,-2,22.2,27.43,16966.393
CID,-2,29.01,38.0,6561.702
TVE,-2,21.2,27.31,14665.437
HBANN,-2,25.0,26.79,4119.366
BMLP,-2,43.29,57.06,1085.7142
OCC,-3,1.78,7.38,11537.329
TRST,-3,3.95,13.25,321778.12
UE,-3,19.83,30.15,612708.56
WMGI,-3,11.5,32.94,510829.94
FAAR,-3,28.294,30.5,3717.6973
TGLS,-3,5.71,15.06,23791.004
NYMTN,-3,22.92,25.14,35864.035
GLDI,-3,7.99,8.578,18152.5
SUSC,-3,24.022,25.485,7146.7534
HYZD,-3,20.09,25.72,30238.656
CSQ,-3,4.29,14.21,398817.03
MUJ,-3,8.42,17.29,45595.55
BBK,-3,7.66,18.66,23371.812
MMT,-3,3.89,7.67,186514.4
LMRKO,-3,22.67,25.47,7288.8887
NQP,-3,7.66,16.74,37898.082
ACGLP,-3,20.46,25.21,100780.78
MIY,-3,7.82,17.02,40528.77
TCGP,-3,23.19,25.79,109902.46
MNDO,-3,0.59,4.2,66466.26
BDN,-3,2.52,19.86,1671364.6
FR,-3,1.91,36.54,870427.0
BTA,-3,5.85,13.51,40108.348
JHI,-3,11.5,24.86,19457.383
DRIV,-3,14.27,15.71,18251.111
TSEM,-3,1.5,35.95,308166.75
SOHO,-3,0.85,8.87,26922.402
OPB,-3,18.6,39.89,176470.31
AJX,-3,9.16,14.83,49492.168
ATGE,-3,15.84,74.25,869186.75
IOTS,-3,1.6,9.55,138960.98
ELU,-3,18.44,26.15,14341.95
HNDL,-3,23.77,25.141,3265.9575
KREF,-3,18.58,22.94,98858.79
VTC,-3,80.6,85.35,7928.1406
CTW,-3,23.37,28.18,39438.066
JCE,-4,7.09,18.64,56130.285
TZOO,-4,3.84,101.0,197287.11
WPM,-4,2.57,46.91,5539953.0
TANNZ,-4,17.75,26.49,15225.591
GLOP,-4,10.0,36.91,158334.69
GTES,-4,14.82,19.72,711853.7
JCO,-4,9.28,10.23,64341.293
SNY,-4,25.02,57.29,2129075.0
ADRA,-4,15.48,37.7,8125.7734
CIR,-4,17.48,82.47,120864.75
WIA,-4,8.83,13.76,72644.82
BLCN,-4,22.02,25.03,105827.45
HYLS,-4,45.4,52.92,89990.266
ESBK,-4,17.64,22.0,3209.9502
USA,-4,2.31,7.06,521778.25
AGZD,-4,46.82,50.2,7938.7036
MYI,-4,7.46,16.5,139323.66
GERN,-4,0.9640832,8.667296,2332053.8
NUM,-4,8.23,16.49,26768.12
APC,-4,27.17,112.69,5321554.0
JHB,-4,9.45,10.2,103728.34
MDXG,-4,0.4,17.96,732662.25
DWCR,-4,27.55,32.93,4132.558
MYN,-4,7.28,16.25,74080.51
NHA,-4,9.32,10.31,20946.225
PRCP,-4,2.42,17.49,35654.754
ETB,-4,8.79,18.11,83041.79
MPA,-4,7.79,17.3,21686.055
FTSL,-4,46.18,50.26,100387.516
RFI,-4,4.32,16.9,47055.26
MINDP,-4,22.533,24.65,2512.8296
CXH,-4,5.2,11.52,22016.406
MHN,-4,7.3,17.04,60190.27
MITT,-4,10.78,26.72,221182.72
DGRE,-4,17.16,28.899,15096.0
TANNL,-4,17.55,26.65,17373.002
JLS,-4,20.1,30.15,44334.496
ECC,-4,13.52,22.02,50866.02
VBND,-4,47.25,52.03,29858.453
