UNVR,11,11.12,32.81,707439.2
AKR,11,8.82,37.69,386410.2
DMO,11,19.02,27.26,43029.707
RNDV,11,19.3,23.036,7252.814
JEQ,11,3.56,9.8,35769.18
MTSI,11,10.75,65.57,430730.03
GSBD,11,17.41,25.43,140093.86
BK,11,17.7,58.42,7471722.5
NGS,11,6.6,34.81,69043.17
VICI,11,17.85,22.99,2269991.5
INFR,11,25.2,30.09,1978.9916
ARLP,11,9.55,51.23,246370.7
CHSCL,11,25.2,31.31,54427.03
PFSI,11,10.81,24.85,127011.7
LASR,11,24.93,40.9,317292.84
CHSCO,11,26.0,31.7,28395.648
CIZN,11,16.01,35.41,3230.6912
FHN,11,4.8138156,21.11775,3568689.2
HPF,11,6.97,24.34,53336.676
CSTR,11,15.9,22.03,34794.02
GJR,11,9.55,23.39,1880.6056
HRI,11,4.65,94.68,2314172.5
SLG,11,8.69,134.0,1128604.6
MOTS,11,4.0,9.69,80909.85
STLR,11,9.88,11.0,25417.646
PROV,11,2.46,20.34,27734.092
SEMG,10,14.82,88.65,557884.94
DSPG,10,3.87,14.0,99401.22
FCEF,10,18.962,22.555,10710.615
INSI,10,9.93,21.27,22192.17
NXR,10,11.75,16.04,23384.191
EQH,10,20.22,22.48,3345960.5
USMC,10,24.79,27.97,300566.2
BYD,10,3.02,39.91,1758217.8
SPOK,10,6.5,22.4,142862.28
AIRG,10,7.4,26.95,163079.84
PMPT,10,22.794,28.26,3138.7693
FOR,10,2.95,28.85,294735.66
DISH,10,8.37,79.41,2795476.0
LFIN,10,3.75,72.38,732280.75
MOR,10,25.15,35.66,77706.82
AMRN,10,0.52,19.5,2320693.5
NBD,10,18.07,23.42,22701.795
WILC,10,0.86,8.83,19835.38
FITBI,10,24.6,32.47,54321.465
CHSCN,10,24.88,31.25,33746.05
DRE,10,4.17,30.14,2895228.8
AXTI,10,0.69,12.08,273637.12
CNCE,10,7.23,29.05,218897.36
CTG,10,2.74,25.71,55996.46
NRC,10,28.3,40.0,29467.098
LNDC,10,3.87,15.82,110026.914
MACQ,10,9.95,11.1,42412.66
IRS,10,3.01,32.17,73337.91
PDFS,9,0.97,26.41,136827.28
MTGE,9,12.26,26.57,573085.25
GTY,9,12.77,32.15,149419.92
HGH,9,25.78,32.48,57982.293
ACV,9,20.82,24.95,53165.16
PEG,9,24.02,54.24,3113212.2
STT,9,14.89,112.71,3947208.0
VXUS,9,38.9,61.17,462683.3
CLBK,9,15.42,17.6,506881.4
NTRSP,9,24.12,28.12,42945.66
CMFN,9,7.75,9.875,31556.129
EOT,9,17.67,24.92,45728.64
CIFS,9,11.13,61.0,159353.58
PKO,9,12.51,32.83,60989.48
VRTSP,9,91.85,113.647,11387.15
GALT,9,0.36,18.3,206132.56
GBAB,9,17.63,24.63,63559.562
BBN,9,17.03,25.5,212847.55
FCBC,9,8.07,38.27,40990.504
DS,9,0.0636004,8.0,2505067.5
PK,9,24.42,33.32,1995133.6
PESI,9,2.85,5.63,18117.674
PVAL,9,24.98,27.47,4047.3684
BFS,9,20.23,68.58,45901.574
DGLD,9,34.33,98.3,49557.68
MTBCP,9,23.06,40.03,7086.372
CG,9,11.69,37.91,604967.8
APU,9,19.59,52.55,175734.9
HVBC,9,13.67,17.5,6885.928
AM,9,16.91,35.49,483433.4
MDGL,9,6.65,409.85,180986.34
NVG,9,8.35,16.54,143358.8
WTFCM,9,24.53,29.98,18766.875
GRIF,9,21.5,45.98,5555.42
SDVY,9,19.71,21.96,2915.748
UFS,9,3.6,57.565,882112.25
