RSYS,-88,0.55,13.84,213810.61
GEN,-88,0.69,16.69,285218.25
CYH,-88,2.69,52.92562,2501199.2
CDE,-88,1.73,51.6,2568071.0
GRBK,-88,0.94648,95.03917,171325.5
ESV,-88,4.16,82.22,5711331.0
RIGL,-88,1.68,28.19,798537.2
GURE,-88,0.64,14.74,205329.11
CHMA,-88,1.25,28.64,158677.98
BXMT,-88,8.7,303.8,316346.03
FVE,-88,0.84,8.78,222985.72
TBK,-88,12.07,385.39,92679.305
WHLR,-88,3.27,50.32,75900.0
CTRV,-88,0.63,46.0,81967.68
BNTC,-88,1.2,22.8,84460.6
SPCB,-88,0.0425,18.445,96973.555
MARPS,-88,2.94,35.5,2965.6626
QTM,-89,0.88,34.88,250682.66
IMMP,-89,1.32,24.0,325072.6
AGS,-89,0.045,296.0,177653.4
VVUS,-89,0.34,29.93,2189905.2
OVAS,-89,0.739,53.46,401773.2
SNES,-89,0.316,9.87,569617.1
NAKD,-89,0.84,54.0,159913.67
GOL,-89,0.5,47.98,729921.7
NCS,-89,6.89,199.85,299181.0
JAKK,-89,2.0,29.99,321494.7
NMM,-89,0.8,21.38,456418.78
SSC,-89,1.08,93.75,271920.4
HOS,-89,1.52,59.14,726303.1
ITUS,-89,0.6,37.25,116248.06
MYOS,-89,1.14,92.5,98221.52
ALPN,-89,5.68,80.64,37158.758
VTVT,-89,0.71,10.89,231555.81
CPAH,-89,1.81,32.5,23943.424
AMMA,-89,0.161,4.65,225702.97
SLNO,-89,1.39,43.75,80987.445
WKHS,-89,0.82000005,11.41,102667.96
EIGR,-89,6.25,408.8998,202399.0
ASCMA,-89,1.7,88.5,72867.62
NRP,-90,6.9,412.0,78647.164
TNP,-90,3.19,38.59,344225.4
RENN,-90,1.52,18.32,2098758.2
CLDC,-90,0.97,10.2,58695.016
ECT,-90,0.98,32.75,90729.06
BB,-90,5.75,147.55,1.6595155E7
SBOT,-90,1.34,160.3,55289.633
AKS,-90,1.83,72.89,1.0053104E7
DB,-90,10.38,123.14886,2685953.5
GROW,-90,1.04,19.12,109335.625
QUMU,-90,1.45,26.32,33778.207
RRTS,-90,1.37,30.84,226054.31
TOO,-90,1.67,37.03,380028.66
FTRPR,-90,9.55,109.28,193979.23
ENG,-90,0.3,17.85,97188.12
EPE,-90,1.27,23.05,1814881.8
OHRP,-90,0.15,19.65,369763.72
MACK,-90,4.91,136.7,168319.94
OPHT,-90,2.27,78.64,595038.9
FFHL,-90,1.36,25.04,13828.185
ADOM,-90,0.55,17.15,621865.94
OHAI,-90,0.93,17.5,87960.72
BLPH,-90,0.47,12.0,357707.97
CYRX,-90,1.07,164.4,42764.066
CHKR,-90,1.2,30.0,207235.2
GEC,-90,3.0,37.2,62648.098
EYEG,-90,0.33,20.5,385388.75
CGIX,-90,0.85,21.0,162295.31
WFT,-91,2.16,49.59,1.4299388E7
EMKR,-91,2.04,60.4,283124.44
PAVM,-91,0.894,15.24,145547.3
RELV,-91,2.870003,59.64,8054.0425
RIG,-91,7.28,161.4,8947334.0
IDRA,-91,3.68,123.28,104406.516
ABAC,-91,1.65,32.0,14319.871
TTNP,-91,0.11,13.64,89959.555
LYG,-91,1.34,38.56,3421586.0
CBK,-91,0.76,12.93,309964.78
SKYS,-91,0.788,12.72,127952.99
PRAN,-91,1.63,73.98,90964.42
CPF,-91,9.46,427.0,109290.66
ABEO,-91,2.1,235.0,273283.56
ARCI,-91,0.61,8.94,39732.83
OMNT,-91,0.28,45.0,37088.996
SEED,-91,5.41,145.0,48885.22
SND,-91,4.94,60.6,751865.56
VRML,-91,0.01,33.81,117725.1
ALIM,-91,0.75,12.19,212832.89
MCEP,-91,0.78,26.92,145231.67
PGLC,-91,1.08,31.5,91963.1
JRJC,-91,1.05,26.15,338590.97
PTI,-91,0.11,24000.0,211456.11
