HBANO,3,25.01,28.57,63290.0
VZA,3,24.68,28.47,58732.273
GIG,3,9.6,9.95,100441.664
IAM,3,9.8,10.81,35170.34
GZT,3,7.2,14.24,15436.593
LMB,3,7.5,15.907,16414.508
KNOP,3,10.3,29.89,84785.34
AHPA,3,9.45,10.13,106031.28
BUI,3,15.02,21.71,54214.195
NFEC,3,0.3,17.0,77922.125
TPRE,3,10.48,18.71,420222.06
FSAC,3,9.65,10.16,145490.08
BFIN,3,5.32,18.34,44194.688
PAGG,3,13.38,34.14,15504.455
MUA,3,8.35,15.84,59521.027
NMI,3,8.45,13.25,15767.114
NIM,3,8.48,11.3,24844.668
NGHCZ,3,24.14,25.98,6977.4834
PFGC,3,29.0,38.9,674205.75
SRET,3,11.41,15.78,24483.373
WMB,3,8.013416,60.86,8493047.0
MCX,3,22.05,26.39,4290.7935
PQG,3,13.12,18.49,378299.6
SNHNI,3,19.35,26.41,37062.19
KBLM,3,9.65,10.1,58055.15
PMO,3,7.85,13.91,87875.195
XSPL,3,5.32,9.408,90160.56
ECCA,3,23.49,26.67,6556.7295
MMDM,3,9.65,10.05,81085.4
PMT,3,11.21,28.73,545830.75
SOJA,3,25.15,28.69,95457.766
FPA,3,19.58,38.07,21996.879
EAGLU,3,10.0,10.36,84124.33
CNAC,3,9.68,10.09,72494.164
MQY,3,7.9,18.38,65261.926
MUDSU,3,9.99,10.35,118578.26
JVA,3,0.6,29.35,143738.31
MFO,3,23.99,26.85,9563.712
GBLIZ,3,22.4,26.24,8644.07
GNRX,3,20.74,26.55,1649.6945
MPAC,3,9.65,10.07,121470.19
MDU,3,13.04,35.93,887119.9
MTGEP,3,22.524,26.62,7712.978
BCE,3,17.06,48.91,867375.1
GPAQU,3,9.97,10.4,91631.945
IESC,3,1.85,22.55,33498.633
NXC,3,9.62,17.95,11566.754
BRPA,3,9.6,9.96,39311.27
CXP,3,19.61,29.13,662220.4
DOTA,3,9.73,10.1,31447.863
TVC,3,20.93,27.9,18869.574
QTNT,3,2.88,18.0,136805.48
RNP,2,3.0,22.82,136915.6
UZA,2,22.32,28.26,31689.143
NCB,2,13.0,19.57,8084.8105
FNTE,2,9.7,10.09,123303.68
DFBHU,2,10.0,10.25,86091.94
LMBS,2,49.85,52.79,99813.35
TLYS,2,5.55,19.19,146344.4
ASB,2,8.95,29.23,1305567.5
BOFIL,2,23.25,26.73,4428.97
CEO,2,56.04,270.64,245746.19
BPRN,2,29.99,38.25,17607.602
CBSHP,2,24.5,29.11,18303.32
IGOV,2,44.05,55.355,106762.82
TCBIP,2,21.27,26.93,20273.445
PFLT,2,10.01,14.9,105001.07
KAP,2,23.3,26.85,3422.9548
BRAC,2,9.52,9.86,62869.84
VMBS,2,49.55,53.99,197099.53
CPSS,2,0.25,12.4,73900.37
LACQU,2,9.87,10.25,114595.79
SQZZ,2,23.96,26.578,1325.8064
CSJ,2,90.88,106.09,476367.3
BKT,2,4.89,7.74,154877.28
TXT,2,3.75,69.32,3220433.0
GBLI,2,7.5,44.04,30913.506
TGH,2,4.3,43.06,205596.56
AIY,2,20.83,27.29,15068.74
DKT,2,8.0,29.48,159380.95
KMM,2,4.27,11.97,59696.895
VCO,2,26.5,53.89,5429.5127
GGZ,2,9.23,13.53,27036.562
TSRI,2,2.81,10.05,7897.5894
TCRZ,2,23.832,26.575,3500.6558
WALA,2,22.54,26.7,23109.81
SLDD,2,24.88,25.93,21281.6
FFA,2,6.71,16.67,62320.223
ASX,2,1.42,7.89,973137.06
NBB,2,17.53,23.3,86480.55
MQT,2,6.76,15.86,49665.906
BFST,2,23.35,28.9,44310.098
INDU,2,9.68,10.39,56801.094
MBFIO,2,24.65,26.3,64677.32
TPGH,2,9.69,10.2,84317.07
AFGH,2,23.71,28.38,22733.094
RWGE,2,9.6,9.86,93569.86
SLTB,2,7.85,25.71,7397.518
BCBP,2,7.0,16.65,11356.568
WVFC,2,6.94,17.26,2661.6816
GSHT,2,9.8,11.24,156152.94
ARI,2,12.22,19.58,541359.06
UONE,2,0.32,5.6,8980.351
SCAC,2,9.88,11.95,29089.012
ILPT,2,20.02,24.21,285950.0
GOODM,2,24.66,26.661,8518.198
TDJ,2,22.6,28.43,25731.549
KTF,2,5.9,15.53,86524.47
GFY,2,9.7,19.53,18579.64
BAF,2,7.65,17.46,21892.543
MFT,2,6.86,16.79,22869.09
GNTY,2,28.48,35.56,26533.232
HPS,2,5.71,20.88,80094.19
EZPW,2,2.48,38.07,494997.0
OXLCM,2,24.81,25.8,9883.513
GLADN,2,24.73,26.14,10192.444
WRLS,2,9.65,10.17,123992.54
OXLCO,2,21.62,31.06,10450.999
MCA,2,7.39,17.14,70847.99
