NDRO,-84,1.81,21.75,121953.56
SNCR,-84,4.06,53.67,541343.0
SN,-84,2.29,38.13,1972284.6
SRV,-84,7.45,89.9,39092.297
SID,-84,0.73,25.505,5019076.0
GSL,-84,0.99,7.64,133780.22
NOVN,-84,2.37,29.06,152513.52
DBD,-84,3.95,40.68,731004.8
NTRP,-84,3.45,89.6,25503.162
KODK,-84,2.85,37.2,438833.0
FWP,-84,1.83,41.73,64939.094
IDXG,-84,0.08,11.48,350862.1
LBIX,-84,0.3,8.45,66962.77
MYSZ,-84,0.645,10.97,1345905.0
INNT,-84,3.524,46.0,137770.28
STNG,-84,1.88,13.0,1659516.1
AROC,-84,3.73,81.42,919122.2
GEMP,-84,1.36,21.07,162874.4
KGC,-85,1.38,26.84,9833302.0
EKSO,-85,1.01,53.55,469378.44
MTEM,-85,2.53,98.34,66311.336
FGP,-85,3.0,28.95,265164.47
IMI,-85,0.8,10.5,105451.74
CEZ,-85,13.655,1335.0,48727.527
PER,-85,1.85,24.95,305408.0
MCRB,-85,6.91,122.5,302744.6
NOK,-85,1.69,38.25,2.3164662E7
SCYX,-85,1.16,14.5,241922.3
HMY,-85,0.53,15.57,3270968.8
VCEL,-85,1.71,121.6,234483.97
SSI,-85,1.51,29.32,438200.22
DFBG,-85,0.81,103.5,74218.17
SRNE,-85,1.53,48.5,628193.5
AC,-85,25.0,821.0,384981.8
VJET,-85,2.69,68.37,286114.5
MLNT,-85,4.15,226.7,152413.53
GTXI,-85,2.92,200.3,41367.004
RRD,-85,4.55,37.04,2043700.2
NHLD,-85,1.2,28.0,23844.31
LINC,-85,0.2,28.1,136799.88
KF,-85,16.51,265.2,18136.781
LITB,-85,1.63,22.21,211368.95
NETE,-86,1.0,870.0,148559.44
LEJU,-86,0.99,18.41,279228.22
CFBK,-86,6.1325965,139.50276,2827.9353
MT,-86,9.06,312.75,2757611.0
OMEX,-86,1.85,70.68,67312.88
SVU,-86,12.11,249.34,734105.44
NVLN,-86,3.0,44.9,51341.613
ADRO,-86,5.2,42.8,431010.44
DSX,-86,2.02,39.0,900501.94
LPCN,-86,1.06,18.54,238087.42
CPLP,-86,2.51,23.23,361944.72
SDLP,-86,1.7,35.1,485741.5
ASNS,-86,1.78,26.03,76248.45
TK,-86,4.92,67.12,789356.3
TST,-86,0.69,15.58,118239.234
MBII,-86,0.64,19.09,137319.27
RNWK,-86,2.72,30.4,118439.03
PDLI,-86,1.98,17.13,2428076.5
ALSK,-86,1.22,14.72,392218.7
REFR,-87,0.6,10.32,50620.24
ROYT,-87,0.77,20.0,203887.45
XRM,-87,2.65,165.0,60623.402
RILY,-87,1.3861386,195.24753,24638.436
ASFI,-87,1.01,23.57,41252.008
IPWR,-87,0.66,11.25,87955.984
NE,-87,3.16,59.423077,6739646.0
DO,-87,10.22,145.68,2130963.8
NAUH,-87,0.81,12.0,27069.16
IOVA,-87,1.0,159.0,318813.34
CHK,-87,1.59,65.657524,2.19724E7
SSP,-87,0.63886,129.58296,428861.97
LLIT,-87,1.1,12.58,54003.75
FTD,-87,3.32,36.65,188524.25
SPHS,-87,0.43,40.04,485000.7
PNBK,-87,9.7,163.3,1422.8324
