ACWX,-7,22.23,56.4,412525.97
NAN,-7,8.03,16.34,29352.373
AWF,-7,5.97,17.16,224140.84
CTBB,-7,20.0,26.18,157636.73
LEO,-7,4.67,10.17,116374.88
JCAP,-7,10.16,24.5,97021.38
CHFN,-7,5.66961,31.86047,42172.637
DCUD,-7,42.61,53.58,147413.08
XFLT,-7,9.07,11.05,27595.945
CMU,-7,2.35,5.45,59364.84
AFB,-7,7.44,16.83,70875.016
TCP,-7,18.82,76.59,156732.14
FG,-7,8.2,12.01,652579.6
JMT,-7,19.81,29.95,15333.691
EHTH,-7,7.48,62.35,221332.23
NKX,-7,8.14,17.32,57482.023
EFL,-7,9.1,10.084,62175.645
NUAN,-7,6.5,30.45,3222847.2
JHG,-7,27.05,41.43,903219.25
WIW,-7,8.69,13.51,144535.55
BXC,-7,3.4,75.4,35416.168
SFE,-7,2.1,22.2,76784.266
LND,-7,2.2,5.38,6061.592
RVEN,-7,2.58,9.2,3364.5
FMBI,-7,6.03,31.9,529204.56
JPI,-7,21.64,26.38,66730.1
BEDU,-7,11.2,28.02,290581.6
POWL,-7,17.76,69.5,56948.016
CLSD,-7,5.57,24.72,277075.56
MBSD,-7,22.95,25.37,8972.6875
VCYT,-7,4.51,18.44,112816.29
BGG,-7,11.33,27.19,471320.88
STRS,-8,4.61,34.9,7906.9883
OFIX,-8,9.05,61.87,140862.64
VPV,-8,7.36,16.92,41577.797
NMRK,-8,12.18,16.66,447318.94
CWH,-8,18.83,47.19,883006.8
SCM,-8,7.85,16.65837,66182.5
BDSI,-8,0.78,18.15,480666.8
SELB,-8,8.49,26.33,133619.38
ADNT,-8,42.45,85.93,1129141.9
HESM,-8,18.57,26.27,135441.31
BLH,-8,12.7,17.19,6911.5786
HYT,-8,5.0,13.31,264698.78
SSYS,-8,7.77,136.46,681495.06
RCKT,-8,3.6,70.6,191436.66
EMCB,-8,63.74,81.84,11932.792
CPAC,-8,5.54,15.1,30693.73
AGCO,-8,15.1,75.48,1322511.5
FOMX,-8,4.07,13.57,187625.12
ACSF,-8,7.86,14.7,58305.504
CPRX,-8,0.39,5.74,607261.2
CAH,-8,24.97,91.5,2716324.2
GPT,-8,19.41,31.1,846048.3
NPN,-8,13.05,17.5,3604.0376
HTBK,-8,2.5,18.93,67711.016
THQ,-8,13.96,21.46,158081.38
CTY,-9,18.91,25.96,103712.38
DMLP,-9,9.02,35.09,58572.254
ATAX,-9,4.3,7.35,107769.1
SE,-9,10.34,16.53,1616000.0
NPV,-9,8.9,17.55,21101.754
APOP,-9,2.66,10.9,101246.27
CSB,-9,9.5,329.0,29948.338
VTN,-9,7.31,17.25,34250.996
BSE,-9,7.35,17.14,13281.506
GGM,-9,17.48,25.4,24545.545
PDCE,-9,9.7,82.01,687546.0
BSL,-9,13.44,21.97,59010.27
SBOW,-9,20.32,33.8,29232.02
PMF,-9,6.69,17.41,70214.24
JMM,-9,4.59,9.22,20506.676
SRAX,-9,1.19,20.0,192786.12
BYM,-9,7.95,17.45,55023.26
NOM,-9,9.37,18.11,3698.0828
INVA,-9,4.649476,34.359386,813724.4
TIER,-9,9.0,26.28,223595.94
BWINA,-9,15.2,26.63,1415.0345
LAWS,-9,5.96,38.49,21353.3
EFR,-9,6.79,18.38,129458.984
DGICA,-9,10.82,19.5,26654.049
SNLN,-9,17.66,20.46,123432.49
EVF,-9,2.89,7.93,121013.19
SHO,-9,1.99,20.94,1661454.9
CTT,-9,9.74,14.3,167689.53
RDFN,-9,17.19,31.32,1281028.6
DYNC,-10,49.03,111.67,45817.566
HMC,-10,18.19,44.49,730859.3
EOI,-10,8.14,19.06,126106.89
IMOS,-10,0.71098,24.1359,141720.12
JNPR,-10,12.67,44.46,7620015.5
MSD,-10,5.4,12.5,72727.2
BGIO,-10,8.86,10.2,66072.82
QEP,-10,7.51,13.56,5363141.5
QES,-10,6.83,10.46,80528.89
RECN,-10,8.4,25.06,240766.86
LPTX,-10,4.99,10.01,50691.5
EUFN,-10,13.68,26.63,447141.2
RMT,-10,3.4,13.0,92563.39
CPTAG,-10,24.0,27.92,4160.4316
NWS,-10,10.89,18.13,958794.94
SHLO,-10,1.23,23.27,50547.008
MITL,-10,2.12,12.3,443597.22
MCEF,-10,17.65,20.15,6517.699
NYV,-10,12.98,16.73,6492.0156
NWY,-10,0.89,12.0,244084.16
EMCG,-10,16.665,28.83,6334.641
EC,-10,5.4,67.48,631146.3
APEI,-10,14.49,49.65,158037.73
FCA,-10,16.25,34.6,7019.9717
MRCC,-10,10.82,16.25,68059.016
BPY,-10,18.58,26.22,274467.25
HPT,-10,7.2,36.98,1097248.8
BRX,-10,13.98,28.96,2066790.5
BANX,-10,14.04,26.84,18862.252
ALEX,-10,20.91,46.87,211237.05
MAC,-10,5.3701067,94.89,1494290.9
EVT,-10,6.81,27.2,176738.28
