TBB,1273,0.712,26.4,299763.62
MSG,1263,17.5,327.3,341209.5
OPNT,1258,0.02,50.5,112220.47
TSLA,1251,15.8,385.0,4816045.0
CLFD,1240,0.75,26.09,62697.848
NEO,1195,0.56,14.87,201949.31
AVGO,1191,14.49,284.62,2535674.8
BRPAR,1190,0.031,0.68,34801.39
EW,1154,10.6475,155.12,1983404.0
VIPS,1150,0.426,30.0,7724973.5
KIRK,1145,0.6,28.72,176406.44
LOXO,1135,10.01,189.96,224712.5
VRTS,1124,4.04,247.12,58956.297
LX,1114,1.07,19.09,479896.38
HBP,1100,0.11,9.03,43138.824
TAL,1090,1.2166667,46.8,1834501.1
EBS,1076,4.99,60.87,307245.53
DORM,1060,3.31,86.25,163251.84
ILMN,1043,19.83,340.6,1679307.5
NVMI,1039,0.39,31.86,114989.805
JAZZ,1031,0.55,193.02,682522.4
PEGA,1025,4.515,65.4,355359.8
NVEE,1023,7.0,90.95,53316.74
KINS,1014,0.04,21.7,17171.613
SWKS,1013,3.81,116.33,3924030.2
SWP,1012,9.75,126.49,74762.68
NTES,1008,15.68,371.36,1032692.2
DLTR,1007,7.1,116.35,3327152.5
FBK,997,3.808,44.68,364188.22
ALK,996,2.7,100.24,1969030.4
ALJJ,973,0.11,5.48,42785.4
FVC,964,1.19,29.16,4727819.0
IFV,958,0.158,24.22,263977.5
CNC,953,6.65,145.24,1387322.0
AMOT,951,1.17,51.33,31977.975
CGNX,940,2.3875,72.43,1143733.0
AOS,937,3.5483334,67.84,1393349.1
TSCO,936,6.94,96.75,1739032.6
ENSG,934,2.0512822,39.7,285256.03
ATTU,927,0.32,20.55,47380.223
WLK,923,5.2,123.67,794112.3
ORLY,922,20.87,331.65,1218529.9
V,920,10.605,144.2,1.8341676E7
LOPE,912,11.85,121.98,342637.2
PFIE,911,0.1,5.78,118342.1
CRM,910,5.49,152.3,7363856.5
SHOO,908,4.0207405,58.55,675798.56
EPAM,907,13.4,141.0,361461.28
HTHT,893,2.7375,49.48,851773.3
NEOG,888,5.9781613,88.78,207556.89
KS,883,0.525,35.43,740961.5
PAYC,883,12.41,150.94,600270.44
IMMU,881,0.84,26.14,1108654.0
MA,875,11.918,214.16,1.186644E7
NKTR,868,2.83,108.44,1326106.8
FTNT,867,7.5,80.39,2001384.6
CSF,864,4.12,50.27,12322.354
JBSS,862,4.25,79.01,50687.49
MDSO,860,6.82,88.28,470796.38
CSGP,858,24.23,437.68,184436.88
EBIX,854,5.9066668,86.9,442268.3
ULTI,851,12.16,300.25,244519.5
HSTM,839,1.7,39.46,111233.484
NXST,820,0.5,84.0,322956.53
SPPI,815,0.92,24.53,1042426.25
SAIA,806,4.68,86.7,209919.45
STZ,784,10.8,234.22,1887842.4
MANH,780,3.455,76.96,641379.7
URI,778,3.03,189.4,1865883.2
CRUS,777,2.22,71.16,1949479.0
AMEH,774,0.1,30.0,11772.298
IAC,769,13.46,199.3,1386837.0
SAM,766,18.33,327.15,119039.5
BIB,764,4.8525,104.69,352999.4
LGND,761,7.62,251.32,220813.5
CHTR,759,29.5,402.5,1139739.9
IDXX,757,13.72,251.13,695535.3
CAMP,755,0.37,34.41,312058.6
IPGP,751,6.83,263.34,374598.16
PFPT,750,10.05,128.72,514923.97
IT,748,8.38,145.37,530196.9
NMRD,747,0.25,8.0,11621.005
KWR,746,4.68,177.83,71539.96
USPH,744,7.21,118.55,56845.53
MNST,742,3.5,68.91,6073233.5
JBT,740,5.86,122.3,165008.05
