ADSW,29,19.28,25.93,433122.34
TLT,29,87.47,143.6,7410954.5
PTY,29,5.48,22.1,270499.56
VGLT,29,56.51,87.9,54437.066
SWIN,29,24.91,32.38,3364.9595
FLAT,29,44.68,65.46,15883.205
SPOT,29,143.99,196.28,2557418.2
UONEK,29,1.17,4.12,64759.195
VGR,29,7.2647424,23.06576,635833.9
SKT,29,12.96,41.74,987413.4
APLS,29,12.71,30.0,270712.56
CBTX,29,27.56,38.26,91984.5
KURA,29,2.57,23.4,210437.94
PWR,29,10.72,39.86,2286449.2
OLD,29,0.035,468.82,2751.3572
TFSL,29,7.79,19.83,394054.12
DEA,29,15.29,22.09,300464.7
AQ,29,9.51,17.83,404818.28
HCC,29,15.49,33.39,894323.5
DWLD,29,20.02,28.88,33631.617
GBDC,28,12.85,20.44,175345.81
SIEN,28,2.9,25.75,263392.72
STN,28,6.5,34.71,28881.023
KEM,28,0.24,29.62,452977.97
AIV,28,4.94,47.59,1723905.1
ISG,28,3.17,26.34,67688.98
WGP,28,19.86,65.51,183358.9
NSM,28,8.61,57.45,826603.0
PE,28,11.26,38.27,3394903.2
QINC,28,18.28,25.98,5951.426
KYO,28,22.87,71.72,22225.701
FUSB,28,7.8,14.34,6246.9355
CTAA,28,0.001,414.99,30361.486
ASPU,28,1.272,9.17,71104.89
PDM,28,15.42,23.05,914975.06
BCTF,28,12.0,17.2,5168.5645
AEH,28,2.97,26.94,84715.24
CIB,28,15.33,70.5,391475.44
CVX,27,56.46,134.85,8711370.0
RELL,27,2.58,15.04,47321.56
HTZ,27,1.55,52.61,5748796.0
KOF,27,26.41,178.66,104261.09
DIOD,27,3.44,38.49,306553.8
EIX,27,23.73,82.64,2233209.5
BPOPM,27,6.02,24.5,5219.658
BFIT,27,14.487,19.519,898.008
PCAR,27,20.89,79.0,2641323.2
PCSB,27,16.24,21.95,87360.39
MBTF,27,0.85,12.0,29763.033
RICK,27,2.44,34.37,82516.43
RRGB,27,8.92,92.9,295674.47
VKTX,27,0.93,12.74,724820.2
EVH,27,8.48,27.35,713478.4
SHAK,27,30.6,92.86,843512.9
DKS,26,9.56,62.25,2019562.6
RFEM,26,49.39,79.03,9969.434
SIFI,26,3.5746102,16.3,17020.938
DUSA,26,19.9,25.55,15734.804
VIGI,26,51.75,70.39,61600.637
DWAT,26,9.197,12.5,5478.8296
DSWL,26,2.63,3.49,20520.78
CSII,26,3.5,40.98,183661.9
BKHU,26,50.76,78.24,53708.387
DOVA,26,18.2,34.71,179530.14
CADE,26,20.53,31.24,532146.75
ACBI,25,11.87,21.4,82931.45
CME,25,31.31,173.54,2843802.8
MTSC,25,19.85,76.93,86500.59
DWPP,25,24.0,30.56,6291.716
ORMP,25,2.52,28.91,61147.68
HGV,25,24.99,47.3,890716.94
BBC,25,16.33,39.55,18980.15
DWTR,25,20.88,31.76,44005.523
FTXR,25,20.21,27.5,1532.9932
HCOM,25,13.4,31.57,31370.936
HUN,25,2.11,35.29,3735144.2
PACW,25,9.75,57.15,536724.3
LTRX,25,0.83,6.0,39021.062
CACG,25,24.41,31.415,16445.428
OFG,25,0.91,23.28,378149.8
EEMA,25,44.68,81.27,34830.508
RNET,25,10.3,57.04,81066.18
CNTY,25,0.83,9.71,76732.695
GLT,25,4.64,31.66,226777.31
AED,25,3.0,26.74,42807.6
FOLD,25,1.82,18.23,1154406.0
CLCT,25,2.42,30.27,35518.402
SVA,25,0.85,10.46,369380.25
