TTI,-69,1.87,24.9,859758.44
AKBA,-69,6.1,29.17,389716.8
DSE,-69,3.25,20.03,136003.0
QUIK,-69,0.51,6.65,279435.22
GIFI,-69,5.16,51.82,78181.266
TCS,-69,3.56,46.61,376545.22
DDE,-69,0.66,10.69,65356.63
PHII,-69,7.4,52.98,2720.6206
XIN,-69,1.55,14.16,293953.88
LYTS,-69,3.09,18.41,92119.66
TWI,-69,2.7,36.968,655330.6
TISA,-69,0.96,4.31,54326.938
AMID,-69,4.0,30.94,136865.95
UEPS,-69,3.22,31.35,288543.1
GG,-69,9.82,55.84,8007685.5
EAI,-69,24.67,82.04,1676.1666
DMPI,-69,0.43,10.15,161586.12
PXS,-70,0.65,6.68,145612.44
AXSM,-70,2.15,14.98,142548.53
BLCM,-70,5.56,31.75,514569.53
AGTC,-70,3.4,31.69,127619.49
HL,-70,1.05,13.03,7149210.0
AVXL,-70,2.08,14.33,735074.1
DHX,-70,1.25,18.33,341822.62
GNT,-70,4.67,21.0,93705.664
ATV,-70,2.47,67.0,19414.47
EGC,-70,3.49,32.5,425333.03
VEDL,-70,3.66,44.891487,543201.5
AVEO,-70,0.54,20.77,1025572.75
FNJN,-71,0.83,15.0,156777.78
BEL,-71,2.83,58.0,656252.3
GCI,-71,1.95,38.01,3270017.2
RING,-71,10.28,51.92,168345.11
GTIM,-71,0.9,18.75,39216.08
CRIS,-71,1.42,27.5,128195.734
ISSC,-71,2.29,11.97,38351.496
TRQ,-71,1.3240955,22.47883,3076312.8
FCX,-71,3.74,62.93,2.4585568E7
CUI,-71,1.71,11.4,54840.164
PME,-71,0.86,10.36,108071.46
OTIV,-71,0.34,4.16,253256.22
JTPY,-71,1.45,6.09,19573.016
AFMD,-71,1.225,21.93,284789.25
PHIIK,-71,7.31,46.38,35344.535
KCAP,-71,1.26,13.35,178630.27
KRG,-71,8.64,62.36,333950.94
ENT,-71,0.87,18.33,399161.03
GOGO,-72,3.58,34.34,1476476.1
NNDM,-72,1.24,8.89,135162.81
LONE,-72,2.2,33.5,70127.63
GME,-72,12.46,60.3,3497386.5
SCKT,-72,0.73,8.9,12634.541
VBLT,-72,1.6,16.23,310054.56
GNMX,-72,0.84,15.28,146197.92
PES,-72,1.06,20.64,787682.06
ARNC,-72,11.73913,100.27736,1.1903832E7
NMR,-72,2.93,17.81,565702.56
X,-72,6.67,191.96,1.141912E7
TURN,-72,1.21,8.66,109543.14
ICAD,-72,1.9,22.45,47210.85
IMDZ,-72,2.9,36.19,194957.34
DRD,-72,1.11,13.48,186228.61
NEOS,-72,5.0,27.09,304267.78
MNLO,-72,7.45,37.82,223093.16
BBVA,-72,5.3,23.487354,2114491.2
IDT,-72,0.60862213,25.029585,172676.69
SSLJ,-72,0.595,5.35,334446.75
RBBN,-72,5.0,28.1,518181.0
ARAY,-73,3.48,17.89,719743.94
SPN,-73,7.89,57.25,2314340.5
IVTY,-73,2.8,15.0,114136.625
SUNW,-73,0.234,7.904,148246.89
BCS,-73,2.829493,38.147465,3639521.2
PACB,-73,1.1,16.97,842428.56
LXU,-73,4.25,47.94,277463.47
TEF,-73,8.18,33.97333,1854531.6
CLWT,-73,1.8,19.91,27499.195
SREV,-73,2.64,22.29,627861.75
VOC,-73,2.02,24.47,77755.914
JASN,-73,1.08,11.16,77111.7
MCHX,-73,2.48,13.66,168049.03
NYNY,-73,6.0,67.65,18755.39
CDTX,-73,3.7,17.26,101455.09
AUTO,-73,1.15,24.57,78354.72
AQXP,-73,1.46,22.13,273233.78
CYTK,-73,3.07,34.14,289234.88
DWSN,-73,2.790476,31.428572,48736.21
CNX,-73,4.1583333,97.78333,4901096.0
GGB,-73,0.8,25.77,7467561.0
