CPSH,-34,0.7,3.25,14444.552
CSWC,-34,13.3,51.4,37798.668
ATOM,-34,2.52,9.7,40540.08
LVS,-34,1.42,100.32,1.2471706E7
HES,-34,34.38,133.8,3949909.0
ZTR,-34,10.52,19.56,101664.98
LLNW,-34,0.9,8.2,624697.25
XRX,-34,10.988142,41.686428,3763931.2
AGFS,-34,2.02,12.99,177201.44
FTGC,-34,19.01,34.9,119383.65
YGYI,-34,2.6,8.0,30696.947
BST,-34,5.0,54.5,60033.184
TAX,-34,7.8,39.08,41441.465
PSCE,-34,10.95,54.49,33143.07
NOV,-34,16.104599,86.43,5328018.5
FBR,-34,3.57,34.93,1428491.0
CHCI,-34,0.42,25.9,36756.48
HX,-34,7.37,13.99,73686.836
INF,-34,8.76,24.809383,63591.574
PPC,-34,0.15,37.75,1218129.8
SORL,-34,1.15,12.81,145076.2
WBAI,-34,8.7,51.37,521764.94
KB,-34,14.7,71.26,259648.31
CLGN,-34,5.03,8.99,5679.012
MBIO,-34,5.99,13.1,85626.664
PHT,-34,5.82,18.82,97034.086
RDHL,-34,4.58,19.79,57533.61
JRS,-34,2.82,18.87,77300.19
FEI,-35,8.84,22.29,168171.55
EMF,-35,7.46,24.45,69500.84
TRNC,-35,5.68,25.5,211929.64
GES,-35,9.7,50.95,1366552.6
MSF,-35,6.61,25.56,32366.89
PETX,-35,2.65,28.18,391183.22
HIX,-35,3.82,10.74,268151.97
RMCF,-35,4.34,15.75,11747.463
INFN,-35,4.35,24.72,1470251.8
CLI,-35,14.25,42.5,925984.0
ADAP,-35,3.76,21.12,299442.2
CVA,-35,12.62,29.96,1188616.0
RST,-35,6.38,31.67,150839.22
EDAP,-35,0.96,6.3,151882.84
SLB,-35,35.19,117.95,8675368.0
TUES,-35,0.53,22.38,389256.88
ELSE,-35,1.73,5.92,5150.262
FORD,-35,0.61,5.33,120553.586
AEM,-36,21.1,87.13,2494626.8
HIE,-36,8.79,21.6,67675.4
PCTI,-36,3.73,11.53,59830.164
LXP,-36,2.01,17.22,1352697.5
SYRS,-36,8.45,23.75,136710.03
EFBI,-36,14.92,25.085,11298.14
HURN,-36,11.99,78.75,251147.08
PGP,-36,6.8,26.74,61560.44
HWCC,-36,4.78,22.25,84507.695
DM,-36,12.8,42.32,292689.0
TECK,-36,2.66,65.1,4500860.5
METC,-36,3.99,13.55,154928.56
CDZI,-36,2.87,20.73,76396.02
NTEC,-36,3.28,9.55,63038.95
ACRX,-36,1.7,13.12,482413.72
PIY,-36,8.8,29.26,3417.5083
GNE,-36,3.88,17.57,74005.234
BBW,-36,3.13,22.44,145316.89
PHH,-36,4.67,27.77,814676.75
XNET,-36,3.15,24.91,980788.06
HNP,-36,15.67,61.13,153396.88
JNP,-36,3.85,35.52,55305.992
BSBR,-36,3.03,15.57,4409296.0
IGA,-36,7.83,18.95,64310.492
CNSL,-37,7.82,29.68,284769.56
WF,-37,10.39333,73.94517,9750.71
MESO,-37,3.54,53.17,19484.51
UAE,-37,13.38,26.34,18870.861
PCK,-37,4.25,14.77,69280.72
CMO,-37,7.73,18.37,895478.75
DSLV,-37,17.21,91.41,149587.14
RMTI,-37,1.5,18.69,348019.97
GSH,-37,13.72,37.42,29025.04
SPWH,-37,3.46,14.26,471433.34
GLRE,-37,9.2,35.0,139627.34
CYS,-37,6.26,14.88,1732495.0
NYCB,-37,7.9,20.59,3958986.0
CORR,-37,11.5,67.1,72953.41
JTA,-37,4.88,21.96,49619.52
BOJA,-37,11.55,28.01,305748.9
USDP,-37,5.14,17.2,56749.027
IVC,-37,9.05,34.29,266287.56
SBCF,-37,5.6,62.85,109627.79
EXPR,-37,5.35,26.14,1630890.2
SFM,-37,17.63,49.11,1929731.0
CEA,-37,4.28,50.95,36724.8
PPL,-37,22.577135,51.376022,4455891.0
