UHT,117,23.27,84.23,47566.29
SLGN,117,10.1,32.47,696608.9
INST,117,13.79,49.15,233763.5
RGNX,117,7.32,82.15,296973.0
BL,117,21.78,51.49,343644.44
MSM,117,27.43,105.5,480591.0
VONV,117,48.0,114.75,24568.18
GDEN,117,2.54,34.32,51041.445
PDP,117,11.33,58.69,188876.12
HNNA,117,1.0,25.9,11299.754
DXPE,116,8.63,115.2,125441.23
AMSWA,116,2.92,17.61,66889.12
XEL,116,16.19,51.8,2946994.8
INTL,116,6.3,56.5,67264.29
TBI,116,6.01,31.27,296617.94
WERN,116,12.65,42.9,858647.5
CUTR,116,5.57,55.85,96621.72
DCI,116,11.0,52.18,651615.44
HCM,115,11.26,41.135,66035.875
XENT,115,8.35,42.7,286569.47
SBFG,115,9.3,20.35,7247.9434
NCOM,115,20.98,48.45,32271.742
WING,115,20.46,65.97,448832.47
JLL,115,16.94,179.35,456195.25
CBSH,115,21.970074,71.99,500955.34
MTX,114,13.38,83.7,228086.6
LNTH,114,1.83,24.3,352903.1
ANDX,114,21.34,75.39,338652.25
PSCM,114,21.19,55.39,8016.8047
DNBF,114,4.15,36.95,3704.4822
CURO,114,13.71,30.46,231430.56
NCLH,114,24.79,63.76,1516445.2
BAM,114,6.530695,44.01,1587288.6
LNT,114,10.23,45.18,1252978.6
PRN,113,13.25,64.8,22040.898
COUP,113,23.36,71.0,610286.6
AUDC,113,1.0,11.37,143770.34
MAS,113,3.224956,46.27,5260499.0
INSW,113,9.9,24.41,170110.92
EXPE,113,12.1,159.5,2449004.8
CGEN,113,0.39,14.2,170002.25
THR,113,11.41,28.8,156754.44
INSP,112,24.05,53.04,262516.66
DGX,112,40.27,114.99,1368670.5
KGJI,112,0.06,10.6,152824.8
TRCB,112,2.4687035,20.58,7632.886
MOV,112,4.7,53.05,176710.73
TPIC,112,13.25,32.01,236175.78
BAND,112,18.16,45.13,140769.7
IIPR,112,15.499,40.74,93121.836
FTA,112,11.15,57.69,71743.586
DATA,112,37.22,128.74,1143788.8
CC,112,3.12,57.23,2768320.0
WBS,112,2.97,69.06,723668.06
CR,112,11.03,99.94,341208.78
FWRD,111,13.9,64.34,176762.94
JKI,111,32.02,168.36,11989.462
PNTR,111,2.3,19.55,17609.768
NRIM,111,6.86,44.95,15861.832
HLI,111,20.93,52.89,193067.44
CLS,111,2.59,14.59,642842.5
MYRG,111,5.9,43.24,135948.36
FRPH,110,14.73,67.35,11115.975
COF,110,8.31,105.71,5406158.5
CUB,110,18.85,75.7,130728.1
MYGN,110,14.49,49.31,1330151.4
BRID,110,2.53,21.24,3226.248
FGBI,110,11.409091,29.28,8629.161
CTLT,110,19.85,47.39,878240.75
NTGR,110,8.61,77.75,397750.38
LLL,110,55.336327,217.46,804056.2
MDCO,110,6.47,54.7,877394.6
BMTC,110,12.68,49.9,36594.242
ALSN,109,16.21,49.17,1198970.4
NWFL,109,13.909091,39.0,5677.45
IBUY,109,22.94,53.6,48150.086
ENFC,109,12.95,30.55,17620.166
TEP,109,20.6,54.9,237487.36
NWE,109,17.24,64.26,280763.3
SHLM,109,12.02,48.4,207386.0
RM,109,11.28,36.98,86231.31
IFRX,109,14.55,41.46,57303.484
CASH,109,6.59,117.0,27812.576
TOWN,109,10.213593,34.9,86088.16
OGE,108,9.92,39.08,1077948.4
AMNB,108,14.01,42.8,13406.589
MCRI,108,3.8,48.61,64620.05
CONN,108,3.2,79.24,561538.1
PAYX,108,20.43,72.99,2769611.0
MLR,108,5.01,28.9,36746.09
DLTH,107,13.65,37.64,251891.84
NNBR,107,0.83,32.4,152962.67
AIN,107,5.05,78.2,154568.86
CFFI,107,11.39,66.1,7017.723
FFKT,107,4.0,57.65,17525.705
ETE,107,3.3225,35.24,4492977.5
NBHC,107,17.7,41.29,180835.33
TCBK,107,9.99,43.42,54884.086
AXP,107,10.26,105.83,7976993.0
