SZC,-22,11.24,29.34,27367.473
CRESY,-22,4.386694,23.02,115731.19
PLLL,-22,11.07,18.11,3167.5
SM,-22,7.6,91.98,1753419.2
PID,-22,7.21,20.58,247745.22
YLCO,-22,9.08,15.42,6684.807
SOGO,-22,8.11,15.43,2928144.8
PKE,-22,13.71,33.6,73591.945
OII,-22,9.79,86.68,1383432.2
NAV,-22,6.23,78.99,1204724.6
CLDR,-22,12.74,22.99,1631991.8
RGS,-22,8.56,31.46,437767.16
MSP,-22,6.31,16.27,18932.55
JDD,-22,4.44,15.37,61742.52
CECE,-22,1.66,18.83,94809.234
EHI,-22,5.27,14.23,115696.27
SGBX,-22,3.75,6.37,42815.594
EOCC,-22,18.51,39.951557,168359.77
EGIF,-22,13.39,22.4,21560.52
ETO,-22,8.92,33.36,54005.184
HIFR,-22,15.1,33.94,282820.1
AIF,-22,12.58,20.03,62119.145
ICD,-22,0.18,11.94,128671.11
BGH,-22,14.79,25.36,81409.71
CMC,-23,6.33,39.41,1570441.0
MAYS,-23,33.55,59.93,1565.9943
TEI,-23,7.18,18.09,154493.16
BCOM,-23,2.27,38.82,5920.165
MHLA,-23,16.93,27.49,12996.667
MTSL,-23,0.45,5.11,88388.92
PNNT,-23,2.35,13.05,374703.28
EFC,-23,14.12,26.79,108135.86
FUV,-23,2.67,5.75,36806.836
SSL,-23,19.23,66.09,364583.72
VSI,-23,3.45,64.78,412063.9
WHLRP,-23,13.355,26.83,7917.4204
TOT,-23,40.21,89.94,2413757.8
TWTR,-23,14.01,73.31,2.315465E7
DPG,-23,11.95,22.76,125584.46
RCMT,-23,0.88,8.57,20297.195
SANW,-23,2.82,11.1,57104.797
ATAI,-23,2.25,17.08,19497.072
BAC,-23,3.14,45.03,1.43620464E8
QRTEB,-23,20.32,28.9,758.42694
SBS,-23,2.79333,16.21,2027308.1
ONVO,-23,0.95,12.75,1310933.5
DNLI,-23,12.46,24.8,349572.62
TPH,-23,9.05,20.51,1485848.1
ARCT,-23,4.91,178.57,452303.66
NYMT,-23,1.6,9.8,697872.0
JEC,-24,26.27,101.58,1338480.9
ETY,-24,7.87,17.17,455035.94
EMD,-24,9.01,22.68,138099.12
DHXM,-24,1.8,8.749,32188.834
VLT,-24,5.55,19.9,19625.467
BSTI,-24,7.61,12.92,1450966.8
COMT,-24,24.25,51.25,67611.61
CERC,-24,0.442,6.4,282515.3
ENBL,-24,5.52,26.75,319825.4
PDVW,-24,19.25,55.0,49127.727
RYB,-24,15.69,31.14,530187.0
NBEV,-24,0.197,6.72,200093.38
IDE,-24,10.51,22.13,74176.05
FTEO,-24,15.72,20.9,790.0
GULF,-24,11.15,25.45,14835.511
FBIOP,-24,16.99,24.35,5848.0874
BKEPP,-24,5.9,10.5,19223.654
KOPN,-24,1.46,5.21,274793.5
FPH,-24,10.62,15.0,215034.84
DGICB,-24,12.5,28.1,1190.0541
TBBK,-24,2.22,20.05,173734.53
TWIN,-24,4.04,44.69,57685.89
AQUA,-24,17.61,25.58,760818.94
