UMRX,34,10.42,16.77,299304.9
ZUMZ,34,6.12,41.72,446902.78
CCZ,34,19.0,63.24,11611.765
CDL,34,32.12,47.421,15311.497
BATRA,34,14.27,26.95,85875.125
WIT,34,1.3755575,7.4799285,1426150.8
CMCO,34,7.02,44.45,107242.87
INO,34,0.64,15.28,763150.6
ZS,34,24.95,44.43,1393507.1
WYNN,33,15.4,247.95,2591127.5
SENEA,33,15.51,42.2,27702.244
FDTS,33,25.68,48.13,2878.668
WPP,33,23.28,123.1,104949.086
GEO,33,7.4533334,34.12,915311.94
HBMD,33,4.51,23.2,12937.929
BCML,33,19.62,26.71,47404.83
SWIR,33,2.71,48.38,363249.1
JBK,33,8.94,27.3,3173.3298
HNI,33,7.8,57.58,234993.3
SPXC,33,6.62791,37.75,1956359.1
ESRT,33,13.1,22.17,904168.25
LBTYA,33,4.7879405,58.48,3387605.0
MPLX,33,16.53,82.22,895036.5
ACMR,33,4.75,14.94,68175.0
AIA,33,20.0,72.96,44458.92
ELY,33,4.73,23.08,815171.0
FCPT,32,14.52,27.24,482610.66
SRTS,32,5.22,7.71,13413.815
MACQU,32,10.0,13.26,5932.121
DWLV,32,24.13,33.785,6084.4243
CWBC,32,1.35,12.75,6172.4907
HMTV,32,9.15,15.94,51672.332
STML,32,4.11,47.13,180746.47
USOI,32,21.63,30.103,2346.4646
JSM,32,7.2,25.07,29608.305
DL,32,1.95,26.78,65482.953
ACAD,32,0.66,50.1,1438324.9
ALLT,32,1.42,28.03,196023.27
MDLZ,32,21.0,47.19,1.0200484E7
KRNT,32,8.83,22.4,180281.31
ITI,32,0.98,7.91,79393.516
ACOR,32,13.8,44.5,643873.75
CM,32,28.39,99.88,379262.2
WSTG,32,5.03,22.77,9413.426
SCSC,31,14.01,44.85,140933.4
AMG,31,18.99,228.02,549799.9
ESGU,31,48.26,63.232,7708.3335
NTRA,31,6.61,28.96,242675.81
TCO,31,13.56,88.95,709650.1
UDBI,31,22.49,33.46,917.4603
LRGE,31,25.31,33.55,1004.58716
ENVA,31,4.97,38.3,286268.62
GPRE,31,1.2,45.75,535202.25
NAOV,31,3.5,7.32,7253.476
AVD,31,6.11,36.74,178211.44
USLB,31,22.23,33.18,16606.309
ATAC,31,9.75,15.0,23380.764
FJP,31,34.01,63.21,33496.156
TDI,31,10.1,27.24,5941.8037
ITRN,31,16.62,37.8,27860.232
BLX,31,7.11,34.41,149802.9
ONCE,31,22.46,92.39,482922.78
FARM,31,4.6,37.0,42478.992
BKE,30,13.7,56.07,537799.7
TLP,30,11.65,50.74,43381.03
NTLA,30,11.38,34.95,530790.4
CRON,30,5.52,9.94,3760550.0
HRTG,30,9.35,27.11,230424.38
SGYP,30,1.45,10.848126,1979995.5
CNA,30,6.49,55.08,266115.3
OXSQ,30,5.27,7.45,218361.3
GDI,30,20.47,36.69,1066787.5
NWN,30,38.5,69.15,137111.61
PDI,30,24.9,34.09,220445.42
BTI,30,21.945,73.28,895282.0
HTD,30,5.18,26.56,105958.516
RILYZ,30,19.36,26.125,18581.88
ESGG,30,74.89,101.95,3211.3574
SYNL,30,3.78,24.55,14463.823
