CIF,-18,1.07,3.3,59916.586
KED,-18,6.55,38.59,53317.113
HMLP,-18,12.55,25.89,67600.67
BQH,-18,8.27,17.66,5851.8506
DUC,-18,6.8,12.86,61015.094
HEQ,-18,12.78,20.5,49838.35
ABB,-18,9.12,32.95,2823197.5
MAV,-18,6.99,16.31,68360.66
JEMD,-18,8.14,10.087,34190.992
VCTR,-18,9.18,13.3,156137.5
WU,-18,10.43,28.35,5945158.5
ADTN,-18,12.31,47.24,801098.06
RQI,-18,1.59,18.67,290989.88
VTNR,-18,0.2,11.07,75798.53
ZEAL,-18,12.01,20.15,26269.697
PSO,-18,7.13,22.4,351869.6
EXFO,-18,2.13,12.96,45086.42
PFG,-18,5.88,75.04,2310082.8
RNGR,-18,6.91,15.5,50581.68
FENC,-18,8.26,14.33,62889.234
ETH,-18,7.06,38.8,330617.0
SMLP,-18,12.37,56.12,197495.42
ONE,-18,8.75,15.78,402275.72
PNI,-18,5.85,15.44,21576.809
ZIOP,-18,0.51,14.57,1174865.5
SNH,-18,10.28,29.67,1733858.6
CRCM,-18,5.01,28.71,180682.36
YNDX,-18,10.18,44.22,2726333.8
FOF,-19,6.88,16.8,78054.07
VERI,-19,7.87,65.91,392031.16
VLY,-19,7.239782,19.74486,1482565.2
KFFB,-19,6.08,15.0,3433.805
NEPT,-19,0.29,4.94,198418.45
ACRE,-19,9.02,18.0,151341.5
EEX,-19,15.52,23.68,194014.03
DSL,-19,15.04,25.42,424412.16
ASNA,-19,1.72,22.58,2224087.0
TEO,-19,5.12,39.7,210439.55
BSIG,-19,12.27,16.27,564631.75
HBB,-19,21.22,39.89,45197.836
KOP,-19,9.41,51.45,156248.77
OCLR,-19,0.89,18.09,1964199.2
KHC,-19,54.2,96.65,3675565.2
NCSM,-19,12.86,27.04,151161.8
TRTX,-19,18.4,25.58,218570.08
AFT,-19,13.8,20.92,71965.74
CSTM,-19,3.66,32.39,1010255.44
GCAP,-19,3.94,14.31,269835.56
STRA,-19,33.65,258.48,184466.19
PZC,-19,4.43,14.71,53702.844
JPS,-19,2.72,12.89,352740.94
ZNH,-20,5.56,70.52,60932.85
EGF,-20,12.8,17.91,27321.75
PPR,-20,2.59,6.9,477022.88
REPH,-20,2.47,17.11,110350.914
SCD,-20,5.99,18.2,69045.54
IVZ,-20,8.84,41.85,3886531.0
LGI,-20,7.66,22.49,28582.545
ARDC,-20,12.04,20.19,70733.11
CUBA,-20,3.21,14.12,52275.324
FKO,-20,19.5,31.92,4647.9487
QIWI,-20,10.65,56.37,444850.03
HIO,-20,3.02,6.8,281716.94
MX,-20,3.28,23.57,335677.4
FDEU,-20,14.3,20.35,80187.336
VERU,-20,0.82,10.01,100824.07
T,-20,21.72,43.47,2.7527778E7
FMY,-20,12.4,21.87,17317.44
EFF,-20,12.92,20.67,29544.547
VKQ,-20,7.22,15.75,110285.87
PPIH,-20,4.25,18.0,14299.473
MDCA,-20,1.5466666,28.4,276805.94
JRSH,-20,6.0,10.0,73259.0
EVG,-20,10.09,17.89,58074.367
RCUS,-20,10.88,17.71,200236.61
FLR,-20,29.56,98.635,2175078.5
DTUS,-20,26.01,51.33,5723.732
SWZ,-20,7.8,16.66,48266.945
NRG,-20,8.98,44.96,4389546.5
OPTN,-20,13.46,29.76,210820.64
BGB,-20,12.2,20.08,169469.55
BNY,-20,8.5,17.14,24142.021
BNFT,-20,20.24,76.0,210241.52
XELB,-20,1.5,20.0,11157.06
TOUR,-21,5.87,24.0,342314.16
NAVI,-21,8.41,22.57,3175368.0
PBFX,-21,15.77,29.56,87197.46
MO,-21,14.45,79.21,1.090545E7
CGO,-21,7.2,19.46,29133.12
OPY,-21,6.85,47.8,43061.508
VCV,-21,6.22,16.04,80326.42
ESTE,-21,5.5,36.76,35578.49
ACCO,-21,0.67,15.8,628739.75
DRH,-21,2.63,15.98,1887766.5
MDRX,-21,4.87,22.71,2311545.8
TS,-21,15.1,74.5,2054140.0
GLP,-21,6.75,45.32,76116.73
MNK,-21,11.99,132.51,2211609.5
TV,-21,10.92,39.71,2144056.2
QRTEA,-21,20.22,28.87,2665203.5
CRS,-21,11.93,74.57,488270.4
EEA,-21,3.56,12.16,18517.955
SGMA,-21,5.43,9.39,13074.676
