MKC,234,28.53,126.53,737135.25
CARB,234,5.8,41.35,203443.84
RCM,234,2.72,9.4,467095.53
TMK,234,7.582222,93.32,1264029.6
ALNY,234,6.0,148.54,633986.0
RTN,233,33.57,228.13,2293516.5
BEAT,233,1.86,59.2,374029.4
CEY,233,7.25,28.35,7920.6895
FDBC,233,8.033334,66.49,1875.9915
PLSE,233,4.08,37.6,159738.1
CVLT,233,7.94,89.45,527678.75
FCNCA,233,76.95,477.27,19239.836
SHEN,232,4.555,41.87,142238.5
PLAY,232,17.2,72.89,795599.9
GPI,232,5.65,96.97,375639.53
TPB,232,7.24,34.22,55644.465
HTLF,231,8.51,61.7,48033.44
EEFT,231,7.42,99.98,351284.34
ALRM,231,11.45,57.67,361711.34
DOOR,231,20.0,84.2,197804.52
WAL,230,3.02,63.36,497514.38
TTEK,230,14.85,70.35,417999.56
DISCK,229,4.895,43.61,1704290.5
FC,229,3.38,30.45,39952.137
HRC,229,8.89,98.28,513246.4
ATO,229,20.2,94.34,500092.84
ADMP,229,0.34,19.55,180068.73
KNSL,228,18.25,61.23,109925.31
MRCY,228,2.55,53.99,193974.67
AWR,228,13.85,61.52,208271.56
FNKO,228,6.0,23.26,503267.22
WIRE,228,13.56,58.0,131021.06
LION,227,0.9815783,26.68,55338.9
VNDA,227,0.5,22.28,605992.2
RPM,227,9.24,66.81,786592.7
TRUP,226,5.35,46.17,164043.8
EMN,226,9.0,110.84,1709384.5
ADI,225,16.1,102.1,3246014.2
ANDV,225,6.8,155.26,4072706.8
ADSK,225,11.78,157.2,3053320.5
ICFI,224,14.7,81.15,100162.16
GILD,224,15.915,122.21,1.4152746E7
MMP,224,11.075,89.12,645683.6
CHGG,224,3.47,31.37,785629.3
SSTI,224,10.01,48.71,139126.95
UNTY,223,2.5,25.3,9308.738
SOXX,223,23.38,196.31,342535.12
USAT,223,0.47,16.45,278549.62
SAFM,223,21.65,172.81,393175.06
IONS,223,6.47,77.08,1501180.4
WWW,223,6.61,38.54,915645.06
BIG,222,12.62,64.22,1514173.9
IIVI,222,7.5,52.95,376105.44
PPG,222,14.24,121.47,2274280.8
DLR,221,21.29,126.04,1359807.5
CONE,220,17.98,67.87,723603.9
ABCB,220,3.5598695,58.1,113969.695
RBCAA,219,14.55,50.34,38403.55
LKQ,219,4.44,43.47,1852897.9
BLMT,219,10.14,35.95,19213.56
ADS,219,23.78,309.91,925735.1
BIO,218,53.1,325.03,107943.06
BIP,218,5.733333,45.72,315341.8
FORTY,218,3.59,44.95,4490.231
ECOL,218,13.09,72.6,111864.305
FMC,217,15.0,98.17,1356131.1
PLNT,217,13.26,52.68,869169.8
AJRD,217,1.84,37.29,524320.9
CCMP,217,19.01,123.06,173451.23
BGS,216,2.56,51.59,452314.0
URGN,216,13.98,65.33,100411.78
ENS,216,5.96,83.96,404217.3
CP,216,25.53,214.82,789071.9
CBOE,215,20.2,137.16,716080.0
MTH,215,6.49,54.95,568186.4
PETS,214,8.57,53.24,333670.3
WES,214,10.58,78.88,291146.7
DMRC,214,7.2,45.14,51987.586
USATP,213,5.86,28.26,1310.2957
AON,213,34.55,152.38,1905880.9
PCTY,213,15.5,75.27,276387.97
NP,213,3.38,94.85,96151.086
TNET,213,12.28,59.91,481516.84
MMC,212,17.74,87.73,2909210.8
ROG,212,14.73,178.46,113663.23
DSW,212,3.335,47.22,1270865.4
NSIT,212,2.06,56.23,244674.98
PTH,212,15.24,94.06,23164.963
