COMM,106,14.88,42.32,1490007.2
UBSH,106,9.01,42.29,111246.62
OMN,106,0.4,11.7,210618.66
OHI,106,10.72,45.16,1335819.4
JNJ,106,46.6,148.14,1.007937E7
RBNC,106,12.8,29.72,9819.605
SJM,106,34.22,156.23,856338.6
LPLA,106,16.5,72.22,687839.56
NATI,105,10.706667,53.32,441752.47
WEN,105,2.84,18.43,4477038.5
AMPH,105,8.69,21.55,270227.72
PVAC,105,32.61,93.62,127601.85
AIRT,105,16.6,35.3,2758.173
SCHW,105,10.75,59.59,1.030385E7
BCH,105,21.614534,105.5,33084.137
MNR,105,4.7,18.19,172777.86
MLCO,105,2.33,45.16,4515778.5
B,104,8.01,72.44,337278.34
CTBI,104,20.381819,52.6,45928.09
TKR,104,7.18683,55.5,1103386.8
ESNT,104,16.65,49.82,570490.3
SEIC,104,9.45,77.7,879441.9
BHVN,103,17.5,43.0,393484.22
ES,103,19.15,65.81,1601557.0
FCCO,103,5.0,25.9,5603.4453
TRNO,103,11.42,39.0,150571.86
CBT,103,8.04,68.48,421264.72
CBMG,103,1.0,47.06,21357.643
CPT,103,17.56,95.7,764112.6
CAG,103,10.7393,41.5,4616407.0
ARW,103,11.82,86.94,785963.4
LSBK,102,5.25,17.94,3912.1272
MCK,102,28.6,242.75,1921147.8
ASIX,102,14.01,46.27,325544.62
PRTA,102,5.84,75.31,371358.53
CYD,102,2.61,33.17,129658.5
UCFC,102,0.48,11.53,76380.92
VSH,102,2.21,26.15,1614487.8
SNFCA,102,0.8122072,12.465177,28760.834
WMT,102,45.72,109.55,1.1743098E7
PEBK,102,4.28,37.46,5249.7715
OSTK,102,5.01,86.9,422294.28
STBZ,102,12.5,35.86,122660.016
AVY,101,17.26,122.68,957486.4
LLY,101,27.47,105.82,5831563.5
EXEL,101,1.29,31.89,2835005.5
VVI,101,12.4,62.05,101330.016
CABO,101,376.91,810.71,38688.82
PYDS,101,0.29999998,6.1499968,60089.08
SMG,101,16.92,109.47,512638.38
UMBF,101,30.94,81.35,209001.95
INFO,101,21.04,54.19,1490048.9
WFC,101,8.12,65.93,3.3666088E7
PFBI,101,3.1758635,20.47,12803.055
SPB,101,24.753086,123.888885,87758.75
FMNB,101,3.25,16.75,26488.678
TBNK,100,14.72,33.9,31937.762
EGOV,100,3.59,25.5,297970.12
ARTNA,100,12.95,42.66,18484.564
LXFR,100,9.33,22.1,59792.723
ORIT,100,6.806667,18.9,194558.47
TSG,100,1.9866,38.9,157550.31
EVSTC,100,49.96,100.02,12658.133
CBS,100,3.09,69.51,7192905.0
AVB,100,40.11,199.1,1059560.4
NR,100,2.28,13.5,841902.56
FLO,100,9.102222,27.09,1488611.0
DCPH,100,16.54,44.95,222161.14
OMAB,100,6.52,52.54,54204.285
PYZ,100,13.5,75.0,14389.709
WPC,100,17.0,78.58,239023.61
HUBG,100,15.83,53.95,313763.75
UBIO,99,7.81,88.9,150624.23
G,99,6.34,34.76,730047.7
CINF,99,18.1,80.52,896523.06
BOKF,99,22.98,105.26,150180.06
MEDP,99,22.18,61.37,256492.14
ICCC,99,1.38,11.05,5693.2563
AKRX,99,0.75,55.92,1235583.0
HTH,99,6.99,30.31,297829.7
OKDCC,99,50.055,100.1,11290.909
EVGBC,99,49.96,100.02,33708.332
OEC,98,9.85,35.8,239470.92
MSA,98,15.97,102.56,156143.3
SFBC,98,20.05,40.81,2876.1658
ALE,98,23.64,80.5,214527.06
SVBI,98,4.35,9.0,7375.1665
ESLT,98,29.59,152.81,21158.314
FNLC,98,10.9,33.1,15667.189
ISTR,98,13.01,29.5,14037.784
UDR,98,7.1,40.49,2101774.0
UZC,97,10.01,43.871,37665.668
LBAI,97,4.7251916,21.65,79773.87
SPAR,97,2.23,18.4,203515.02
MRUS,97,7.62,32.23,34301.773
CDK,97,25.22,75.77,1078677.0
FLIR,97,18.33,61.38,1278553.8
FYT,97,16.2,40.19,21361.459
VRAY,97,2.68,12.44,498625.12
ICE,97,10.138,77.05,4455097.0
