CCL,40,15.02,71.94,4633513.0
BKH,40,14.59,71.88,344954.03
GKOS,40,14.81,52.23,461232.12
KELYA,40,6.2,31.61,166281.77
OCN,40,1.5,59.97,1938108.6
K,40,35.84,86.98,2212549.5
HQH,40,8.42,38.88,114009.7
BKU,40,19.39,44.24,666900.2
CUK,40,15.3,71.67,244183.44
KALU,40,15.52,116.1,184265.47
RBA,40,14.14,39.43,533555.1
ONB,40,8.67,25.0,705934.44
TR,40,16.07482,39.16486,119944.375
CBAY,40,0.928,15.16,411131.47
INN,40,6.7,19.22,510504.47
VUSE,40,22.0,35.44,44828.46
UMPQ,40,6.91,24.86,1233189.8
SECO,40,6.78,14.65,339052.9
AVYA,39,16.45,23.49,1158524.5
QCP,39,12.39,22.7,958036.25
PSC,39,23.66,35.48,14573.637
HYH,39,23.29,60.96,486378.2
BVXV,39,3.25,10.42,26108.656
ACRS,39,11.05,32.99,207684.22
IBM,39,71.74,215.8,5499262.0
SNDR,39,18.4,30.24,765133.5
BATRK,39,14.03,26.86,207651.66
PSET,39,24.91,34.866,8956.862
MBCN,39,15.25,54.25,2454.7732
AEB,39,2.83,25.34,26491.0
SRLP,39,15.85,30.1,42754.477
BXP,39,31.49,144.74,1272661.9
RNDB,39,12.28,17.2,12839.764
CIA,39,5.14,11.69,93285.56
AVT,39,12.1,49.14,1159254.0
WRD,39,10.63,28.48,780995.06
WVVI,38,5.71,8.55,7358.669
AGR,38,33.26,54.26,499719.94
CDC,38,32.89,48.751,34531.74
CATO,38,10.9,44.61,192353.4
OMP,38,16.33,23.91,88415.38
PEY,38,4.06,18.61,202477.36
RPAI,38,8.64,18.21,1275412.6
LSXMB,38,28.6,49.09,1707.6923
ASTE,38,19.25,72.24,158778.14
FEUZ,38,27.81,48.11,45653.875
GOODP,38,7.75,28.55,1802.792
TUSA,38,21.13,35.909,2819.0476
TCFC,38,10.5,40.06,4253.6797
MD,38,12.165,85.47,748568.1
VLP,37,28.0,55.6,134831.84
AEO,37,7.11,28.99,4912240.5
CCS,37,13.47,35.5,158110.14
IPKW,37,23.22,40.11,27070.203
PCN,37,5.48,19.14,117288.46
EMR,37,24.87,76.6,4246381.5
YUMC,37,24.24,48.18,3063780.5
DUK,37,35.43,91.09,3238723.5
UMH,37,5.06,17.89,67119.36
AFI,37,11.98,22.7,180510.28
PBSK,37,18.85,27.0,10512.728
LNN,37,22.12,129.15,196045.66
KRMA,37,14.88,21.041,8755.894
PLPC,36,27.5,92.46,8248.695
MSB,36,3.12,56.44,98684.555
STWD,36,13.22367,24.72988,1676871.9
HQCL,36,5.43,8.38,47761.703
COLL,36,7.59,29.21,364147.0
AHH,36,8.85,16.1,227539.28
QQQX,36,7.51,28.0,83509.19
FNWB,36,11.8,18.27,32147.002
SYF,36,22.93,40.21,5982280.0
UVSP,36,12.32,37.0,47782.312
TG,36,11.41,30.73,102728.47
NYT,36,3.51,26.65,1407167.1
BYSI,36,16.8,48.35,7832.0444
ATNX,36,12.56,19.97,282129.25
SRDX,36,8.33,74.3,82072.55
TY,36,7.08,28.22,85717.04
SAMG,36,10.16,18.51,23203.074
BCO,35,18.39,87.85,397670.8
NRZ,35,9.86,18.68,2377028.5
ANDE,35,7.346667,69.38,252400.61
NAP,35,0.139,217.0,89777.445
ESG,35,50.03,67.94,2107.485
TAP,35,31.44,111.25,1541399.2
COLD,35,17.53,24.05,912976.9
TIPT,35,4.1,10.18,26657.1
SNSR,35,14.64,21.29,34822.086
CNDT,35,13.31,21.66,2323705.8
LOGI,35,6.25,49.09,819322.4
AUPH,35,1.74,10.54,1249911.8
AHL,35,14.33,57.7,557200.2
USFD,35,22.38,40.6,1966489.8
KRC,35,15.4,78.86,639681.1
ANGI,35,3.76,28.0,843146.06
PY,35,24.25,34.813,3423.8494
BTU,35,23.01,47.46,1159554.1
VZ,35,23.522257,56.53,1.6721082E7
GLOG,35,5.78,31.89,579496.9
