FIS,170,12.47,109.49,2018779.5
FGEN,170,14.76,67.25,509591.06
SILC,170,3.19,76.79,42739.324
PSL,170,16.77,72.4,16664.2
VEEV,170,17.87,100.64,1171330.2
CE,170,7.52,118.11,1419267.5
SIGA,170,0.31,15.36,262217.47
BMRN,169,10.14,149.13,1413225.1
MGA,169,4.9975,66.68,2063465.0
NATR,169,3.25,20.31,27525.79
DK,169,3.85,59.81,691033.75
QURE,169,4.82,39.94,273478.53
ROKU,169,18.57,63.26,7620816.0
CASS,169,19.297522,74.21,25946.123
HVT,168,7.58,31.34,98587.7
CZFC,168,3.51,26.68,3158.584
RES,168,2.35111,26.73,1367247.1
CLH,168,20.54,70.3,495161.38
NKSH,168,15.5,49.6,9753.008
WRB,168,18.3,78.31,774298.8
VTWO,167,48.51,137.89,48860.83
CUBI,167,9.318182,36.68,161679.84
LECO,167,13.255,100.13,443401.53
SSB,167,16.73,93.8,67351.234
BRKR,167,3.35,36.35,759103.3
ILG,167,3.27,35.55,528929.7
LEG,166,10.21,54.53,1447211.4
UAL,166,3.13,85.66,6606205.0
HBI,166,1.445,34.58,4403295.0
FYX,166,11.77,69.79,47009.906
SLAB,166,17.54,109.55,491532.56
NPK,166,46.74,139.35,31442.578
EXP,166,14.41,120.3,637280.0
PLT,165,7.84,82.21,316022.94
TOWR,165,6.11,36.84,128807.74
CLGX,165,7.8,55.48,1017283.0
TRN,165,3.235,50.3,2272235.8
FLIC,165,8.111111,31.65,40129.36
TDOC,165,9.5,75.8,768187.6
RGCO,165,7.6833334,31.08,5697.2256
SAFT,165,28.44,96.85,55402.49
ARRS,165,4.54,37.3,1724794.5
HALO,165,2.77,24.75,1021799.25
HON,164,23.10688,164.99,4043111.0
ATHM,164,19.5,118.91,865192.3
SWX,164,17.28,86.27,220173.14
CAL,164,2.13,38.45,435157.94
EIG,163,8.16,50.0,182373.52
PNFP,163,8.51,71.15,242670.52
OSB,163,15.66,45.11,56725.094
FMX,163,19.25,124.96,672400.8
KBWR,162,21.9,61.82,20776.814
MCS,162,6.76,40.2,84163.47
ROK,162,17.73,207.92,1194495.2
PB,162,20.33,78.7,414335.16
WIFI,162,5.4,32.86,246883.81
SHPG,162,32.02,268.08,913745.06
DVA,162,21.17,84.23,1683360.0
RAVN,161,7.71,48.65,144422.19
KKR,161,8.8,27.85,2462388.5
REGI,161,4.6,26.65,440150.44
NVRO,161,25.0,104.94,478039.38
FELE,161,8.67,49.8,213899.03
COTV,161,17.11,44.74,443657.1
VR,161,14.84,67.99,673038.3
FNX,161,13.21,72.37,58788.645
EBMT,161,5.5263157,21.95,5868.305
SPR,160,7.8,102.93,1273569.5
NEE,160,37.08,175.17,2192396.8
FNGN,160,12.35,70.42,370641.5
CSGS,159,10.55,50.62,253687.55
ITW,159,26.19,178.88,2585294.2
SQM,159,12.677702,64.849075,774650.25
BRO,159,7.825,30.38,1557709.8
ATR,159,25.3,104.21,278270.4
AFSI,159,2.623967,35.54,918692.44
VTHR,158,49.78,132.82,8507.895
CSV,158,1.41,28.93,76472.06
WOR,158,7.15,62.35,626596.1
BMRA,158,0.35,5.3,26695.916
BAH,158,11.9,50.44,702220.94
CAI,158,2.15,38.88,117092.84
EOG,157,22.795,129.9,4829386.5
INSM,157,2.64,32.99,363304.72
ATRC,157,1.07,34.14,118971.59
RYAAY,157,16.430769,126.69,478434.75
HSY,157,30.75,115.96,1304241.9
REIS,157,2.69,27.53,20023.135
AMED,157,9.56,124.49,506697.4
ISRL,157,25.5,171.18,1476.6456
UNB,157,13.98,55.0,2374.6052
HLNE,157,18.02,52.1,186596.27
PENN,156,2.8849196,36.59,2633492.0
VONE,156,49.88,132.26,22545.547
DNKN,156,24.2,73.0,1319184.6
MHK,156,17.11,284.82,782506.2
