HTLD,46,12.0,27.71,585094.25
DKL,46,21.24,47.6,55981.594
QSII,46,10.75,50.045,534758.7
F,46,1.26,18.79,5.208462E7
SASR,46,6.52,45.17,70732.93
WABC,46,33.88,65.34,181055.27
M,46,5.68,72.8,7947504.5
VMC,46,26.19,141.11,1263141.0
DCOM,46,6.9,22.4,151588.94
SOI,46,9.97,23.46,431850.0
DLB,46,24.86,71.43,566726.4
LDOS,46,25.62963,71.99,1032030.3
WELL,46,27.27,84.31,2084705.8
EVRI,46,1.14,9.99,562105.1
DTYL,46,43.11,85.15,7488.7705
VBFC,46,14.15,35.0,1284.7875
ITCB,46,5.07,28.212,41071.348
ACWI,46,23.93,77.54,1113580.2
OTTR,46,15.31,49.6,128292.164
DNJR,45,4.4,9.0,23501.834
BMO,45,19.51,84.11,610807.44
FLXN,45,8.12,29.93,399095.25
COLB,45,4.93,47.25,246947.62
NTRS,45,34.01,111.63,1675193.4
LSXMA,45,29.49,48.49,504292.8
KNL,45,5.37,28.24,300010.75
GPS,45,9.51,46.59,6883732.5
BOTJ,44,3.75,16.99,2582.4626
OTTW,44,2.72651,14.66,1896.1149
MPW,44,2.91,17.46,1629255.2
HEP,44,8.225,44.4,118921.76
PIRS,44,1.355,9.45,439707.94
FSM,44,0.33,9.51,448277.3
AMRC,44,3.93,16.78,111930.52
FTXO,44,19.96,32.18,187673.92
AXTA,44,20.75,37.55,2030128.2
HTA,44,18.28,34.64,923294.75
PFI,44,10.99,37.13,9577.749
QLC,44,23.49,35.659,5640.5156
SHI,44,9.94,73.96,38070.434
TRMK,44,14.7,36.67,385537.06
PFSW,44,0.7,16.02,87439.69
RPD,44,9.46,36.43,296576.3
PINC,44,26.92,44.15,426085.9
HZO,43,1.19,27.73,219546.25
HNRG,43,2.5,14.08,56460.78
STM,43,3.79,26.24,2106213.8
RXN,43,14.66,30.82,595735.2
GNBC,43,6.79,24.75,130359.97
BTEC,43,21.63,37.2,6494.798
RDIB,43,20.1,32.1352,2607.2
CDLX,43,13.37,25.11,181044.44
CRC,43,0.35,97.0,2959710.8
DDT,43,3.87,28.5,12362.612
AHT,43,0.57671225,11.322001,967571.94
PWOD,43,23.0,53.99,8021.1294
GOODO,43,7.36,27.28,2018.7247
RIOT,43,3.08,38.6,1444717.6
RLH,43,1.97,14.5,53305.02
LBTYK,42,4.56,54.41,2159288.5
DAN,42,0.2,34.88,2045525.8
ITEQ,42,20.09,36.64,7992.034
PGC,42,9.75,37.05,29405.234
CARA,42,4.47,26.95,820568.5
AAXJ,42,25.38,83.5,721800.44
TYPE,42,2.13,33.74,172516.42
JYNT,42,1.91,12.27,32141.072
TACO,42,8.49,17.14,306419.38
AIRR,42,14.16,28.19,41416.43
ASLN,42,5.48,10.24,86280.03
HRB,42,10.62,37.4,3406351.0
CHT,42,18.97481,39.3,433481.5
PCYO,42,1.72,11.2,35478.957
SPLP,42,10.22,20.55,15238.067
ESSA,41,9.45,16.74,28933.27
GNMK,41,3.32,15.55,211345.97
UBSI,41,13.79,49.2,376843.9
OPOF,41,9.1,34.2,4972.1265
USAK,41,2.8,31.79,51031.97
GIL,41,2.885,35.09,1032113.4
KBWY,41,20.04,39.07,34976.688
CIBR,41,14.02,28.23,92126.73
CATH,41,23.95,35.66,15773.368
WEYS,41,20.19,39.44,14160.03
PBIP,41,5.084746,19.76,12379.343
FBSS,41,8.96,25.8,2188.8333
FSCT,41,21.92,38.04,453424.3
GJH,41,4.16,10.75,3281.0852
LNGR,41,14.907,21.83,3884.0796
IMKTA,41,11.09,56.43,70229.64
ESCA,41,0.33,19.97,14872.775
SLCA,41,9.5,71.95,1824288.9
GLW,41,7.82,34.85,1.2547E7
ITCI,41,9.26,58.76,463691.78
