UBOH,67,6.567965,23.55,2798.3794
GLYC,67,3.81,25.35,332200.1
TPR,67,11.73,79.03,4479211.0
LCI,67,1.79,71.15,421321.9
BOH,67,25.7,90.36,360447.25
WAFD,67,9.94,37.35,680476.0
GSHD,67,14.8,29.08,210400.11
KIDS,67,14.53,32.18,77878.76
APTI,67,11.02,38.75,410261.7
COHU,67,7.08,27.47,114919.36
AEGN,67,9.81,29.97,266464.53
LCNB,67,7.75,26.3,9491.91
CCK,67,14.05,61.17,1255720.0
DEO,66,41.14,151.08,609490.1
NERV,66,3.54,14.38,216124.78
FULT,66,4.72,19.7,1218906.4
WTW,66,3.78,103.09,1129992.8
CPLA,66,26.02,105.6,147771.9
BDC,66,8.4,95.14,358694.3
TEN,66,0.7,68.71,794487.7
HIW,66,15.59,55.74,829689.1
CRBP,66,1.05,10.35,571445.3
BOMN,66,13.1,33.75,63459.66
DNB,66,59.25,142.7,391544.38
CATY,66,7.27,45.2,544342.56
URBN,66,12.82,48.74,3140963.0
ZUO,66,19.22,37.09,1177068.5
ABEV,66,1.2028,9.244,7930088.5
ARRY,66,1.72,19.99,1599263.5
SLM,66,1.1401001,12.85,1.1433813E7
MSTR,66,31.88,221.6,127448.82
FCF,66,3.55,17.72,494506.53
LARK,66,9.879891,31.99,3366.4036
IP,65,4.0335307,65.08,4582995.0
BEP,65,11.6,35.82,30451.408
HCCI,65,6.9,24.2,40151.04
PSTG,65,9.4,26.56,1957375.9
CRWS,65,1.77,10.24,17554.176
CHEF,65,10.49,31.5,136405.7
CNP,65,8.88,30.45,3847677.8
WHD,65,20.25,36.17,650810.2
ED,65,32.7,89.66,1981520.1
TNC,65,7.74,83.45,99112.76
GRID,65,22.7,53.53,5299.854
FTV,64,47.49,82.08,1562990.9
IUSV,64,14.833333,58.63,182012.95
DOCU,64,38.63,65.54,1827213.5
BHLB,64,16.48,43.55,99089.016
RS,64,12.63,96.56,761998.06
PFM,64,8.23,27.75,68374.31
AL,64,17.83,50.34,688474.06
CCE,64,7.74,54.12,2926561.8
PEBO,64,6.681818,39.43,36823.72
BWFG,64,12.5,37.6,11225.606
FONE,64,20.73,55.21,2726.8735
UBCP,64,7.81,14.0,4155.444
GRX,63,3.672245,11.58,38906.35
ROBO,63,20.75,46.16,167862.73
AOBC,63,1.58,30.36,1451821.2
SYKE,63,11.67,34.32,232448.73
ETSY,63,6.36,49.04,1873044.9
EQFN,63,1.3839245,12.8,3975.766
VRNS,63,13.62,81.9,243342.36
MYOV,63,9.93,25.14,87988.914
EMCI,63,11.053333,31.19,26278.969
FLS,63,12.64,81.55,1940312.2
LAC,63,0.35,11.25,58452.1
AGO,62,2.95,45.38,1821527.0
MAN,62,23.6,136.02,813465.7
GIS,62,23.61,72.64,4351317.5
CART,62,4.94,9.89,5746.154
SINA,62,18.93,142.83,2153537.8
CZNC,62,8.15,28.63,20736.373
FNSR,62,1.68,43.23,2241744.0
RDI,62,2.9,17.4,39298.715
OLN,62,9.05,38.6,1409826.1
KRNY,62,5.650536,16.0,209460.28
LBRDK,61,43.164436,103.55,587650.4
MBFI,61,9.52,51.33,339910.3
SEP,61,14.75,58.88,276292.06
NICK,61,1.8636364,17.2,23599.81
MGLN,61,29.22,111.1,244661.17
PDEX,61,0.81,7.77,15493.684
VSEC,61,10.38,59.13,41509.24
PM,61,32.34,122.9,6188762.0
CFX,61,5.41,74.92,645961.4
NCNA,61,10.0,29.84,92797.82
WHG,61,23.82,70.84,18470.357
MLM,61,60.29,242.0,651992.75
PDT,61,4.94,17.54,117181.84
PPH,61,24.835,74.33,507385.12
ZAYO,61,21.89,39.35,1869159.0
