NI,264,3.0884087,27.6,5400394.0
AYX,264,14.8,56.42,609574.3
KFY,264,7.61,67.95,379250.8
POST,263,26.02,99.1,675513.2
PGR,262,9.89,67.22,4209329.0
VRTU,262,4.21,57.57,145020.14
QQQ,261,25.56,182.82,6.4316688E7
GOOGL,260,128.84885,1285.5,4815527.0
AMT,259,20.14,152.72,2859873.2
UPLD,259,5.91,36.68,91844.08
GOOG,258,127.888214,1268.33,4772947.0
ROLL,258,12.27,149.18,104421.93
TSS,258,10.95,96.61,1319798.5
NTIC,257,4.68,40.16,5899.1997
PXD,257,12.1,233.07,1932184.0
VTSI,257,0.742,6.6,9517.432
FL,256,5.49,79.2,2585429.8
KRA,256,13.0,52.81,310811.22
SBGI,256,0.89,42.9,980158.9
AVAV,255,17.98,86.18,253661.6
CMG,255,38.69,757.77,788961.2
SCVL,255,4.22,35.37,119622.016
SBNY,255,19.65,163.25,381098.75
JACK,254,12.27,112.55,611009.4
NSC,253,26.95,176.08,2626138.0
ATRA,253,10.65,64.02,329741.3
IIIN,252,4.85,42.9,115428.46
TXN,251,13.77,119.89,9678565.0
GOOS,251,15.4,67.42,1073034.4
DIS,251,15.59,121.69,9855721.0
ACHC,250,2.0,82.97,437778.38
EME,250,11.28,84.14,494486.25
TRNS,250,4.06,24.58,8682.937
DHI,250,4.34,52.87,6540419.5
LYV,250,2.52,52.41,1288201.2
PSX,250,29.35,123.34,3332421.5
CTS,250,2.17,38.85,119943.38
XLNX,249,14.61,77.07,4454893.5
RFIL,249,1.4,14.44,37974.863
CULP,249,1.52,37.75,41778.86
AET,248,17.68,199.52,3810010.0
INDB,248,10.94,90.65,83266.66
INBK,248,2.84,41.35,19222.27
IRTC,248,23.08,90.9,262694.6
GDS,248,7.12,45.72,677005.5
SPLK,248,26.3,123.69,1811769.6
NCBS,248,15.77,61.16,13340.444
FOXF,247,13.52,67.2,201665.61
GGAL,247,1.45,72.88,366613.6
FNBG,247,3.4823384,39.28,6108.5903
OBCI,247,0.5,5.56,23427.113
IBCP,247,1.01,26.6,93167.6
AMN,246,3.66,67.75,400170.9
SRCE,245,13.88,58.68,40618.297
PSCT,245,21.42,88.01,30838.373
HAE,245,24.425,106.86,384268.94
OKE,244,7.9627037,71.4,2081068.6
NICE,244,17.36,115.33,207278.8
AKCA,244,9.48,38.99,372886.78
CRSP,243,13.62,73.59,548901.25
MTCH,242,9.12,50.82,1610093.0
JBLU,242,2.84,27.02,6203996.5
PKI,242,11.0,87.49,1023026.7
CMPR,242,11.96,171.24,496051.78
NTAP,242,10.39,84.24,5676758.0
SMTC,242,8.82,51.45,633441.2
CI,242,8.82,226.22,2565319.8
LCII,241,5.5,131.8,151244.48
IDTI,241,4.12,37.67,2399638.5
PRIM,241,3.25,33.35,193255.17
CSL,240,17.26,127.53,407914.94
W,240,18.4,130.82,1342342.5
HHC,240,36.5,160.0,169488.0
COST,239,38.44,231.28,3093112.0
KSU,239,12.62,125.88,1255929.0
KAI,238,6.64,113.6,60384.12
SIMO,238,1.9,60.23,463363.6
IRIX,238,0.55,16.39,22386.0
CNXN,238,2.84,38.7,50814.336
ESPR,238,9.4,115.3,611992.0
CBU,237,13.74,66.52,205049.47
SITE,237,26.67,94.52,385931.2
SERV,237,17.57,61.84,1011135.6
AYI,236,20.23,279.15,504993.97
CUBE,236,1.4,33.3,1162010.9
PSCC,236,24.62,85.58,9966.443
CNMD,236,11.68,80.4,167848.56
AMD,235,1.62,23.98,2.9661476E7
