GRUB,307,18.34,138.44,1765027.5
ACXM,307,6.6,45.48,544155.3
HIIQ,307,3.84,56.75,227016.98
FDS,307,33.18,224.31,392534.16
ACGL,305,5.0111113,34.126667,2328700.2
SNPS,305,14.59,102.13,987472.9
TER,304,2.97,49.92,3436379.5
LRCX,304,15.0,228.65,2638099.8
CIL,303,3.6,88.06,117423.94
HAS,303,21.32,115.95,1639231.6
BA,303,29.36,371.56,5125959.5
PZZA,302,6.555,89.55,473687.28
CPS,302,28.0,144.83,71290.72
MSON,301,0.59,18.6,15859.205
VICR,301,3.87,63.6,84726.016
PODD,301,2.67,101.93,443754.84
MAR,299,11.64337,147.99,3488673.0
LHCG,299,12.35,99.47,166602.92
STE,299,19.25,116.75,488537.7
CASY,298,18.39,135.92,426168.06
ARGX,298,19.765,100.16,119709.15
LANC,297,26.35,153.67,117943.49
ABC,296,13.74,115.48,2543140.2
MNTA,296,5.97,31.2,620764.3
LTXB,295,7.55,45.96,184359.48
SAVE,295,10.44,84.47,1050162.2
AZZ,294,8.2,67.59,199944.4
IPCC,294,31.19,149.4,55429.246
EVBG,293,13.88,60.08,310214.44
ASND,293,12.25,74.06,100527.4
HRTX,293,7.48,42.0,885257.2
HDB,293,9.05,111.45,1289850.5
TFX,292,38.15,287.65,271765.3
ENTG,292,0.52,38.85,964225.8
EDU,292,9.5,106.27,1717662.9
EAST,291,1.35,9.25,21630.174
NGVT,291,24.93,101.12,336569.88
PKG,290,9.82,129.58,976544.2
AFG,289,13.04,120.49,442054.72
WB,288,9.67,139.74,1500128.0
SGC,288,2.55,28.25,15836.145
CELG,288,19.005,146.52,6765597.0
LZB,288,0.6,37.45,496117.84
FMI,287,13.71,137.0,303268.12
ITGR,287,15.66,77.0,188931.4
GMED,287,10.37,57.41,597994.3
GTHX,287,12.53,58.08,193320.5
KLIC,287,1.14,28.52,856081.06
BC,286,2.01,68.77,1277705.9
NVO,285,8.394,60.23,1626204.0
CALM,285,8.625,63.14,510949.47
CATM,283,0.65,55.89,337889.38
EHC,283,6.8,82.35,770316.2
LITE,282,14.12,73.2,1353170.2
IMAX,281,2.55,43.22,822868.7
BWXT,281,13.261803,70.94,821549.9
TRS,280,0.7729084,33.386456,226935.08
HEAR,280,1.72,84.56,167357.3
OLLI,280,15.28,80.55,633341.44
DXC,280,11.178307,92.82872,2716257.8
VPG,280,10.49,44.5,50412.996
QTEC,279,9.92,82.65,110192.86
ATRS,279,0.32,5.32,903299.25
RDWR,279,2.495,28.14,316505.0
TSE,278,13.55,83.9,432884.8
ADP,278,27.243196,143.59,2778853.2
CNI,278,14.91,90.18,1786797.9
EFX,278,19.79,146.26,926977.1
GGG,277,4.826667,49.07,1062679.2
MSGN,277,5.2902055,26.24849,1160621.4
JCOM,277,13.74,91.17,367400.3
HRL,277,6.2525,44.47,2079310.5
UAA,276,1.54125,52.05,6524120.0
ABCD,276,0.63,13.74,56434.727
KMX,276,6.23,80.19,2275250.2
SNA,275,20.66,183.76,459691.1
SRI,275,1.51,37.15,159429.2
GWR,274,16.74,105.51,407928.22
NEWT,274,1.0,23.82,48397.562
CNBKA,273,9.46,87.7,5880.4824
UFPI,273,5.1233335,39.29,408786.1
FRC,273,22.48,106.2,868577.9
LKFN,273,9.44,52.04,69146.57
AME,272,10.96,78.79,1339002.1
CTXS,272,15.559802,113.01,2994054.5
CAVM,271,7.61,90.99,935542.44
CRAY,270,1.43,43.06,316280.06
ORBK,270,3.06,65.44,180131.95
ASH,269,2.739726,86.11,1730154.9
BLKB,269,9.15,118.9,234147.4
BLL,269,7.0325,42.93,2844697.0
HFBL,268,5.75,35.05,3743.7014
QDEL,268,7.92,72.25,253533.02
OXM,267,3.32,96.11,155358.11
RUTH,267,0.74,33.15,255961.08
CWBR,267,0.895,10.4,47971.664
IBP,267,11.08,77.6,176879.55
BPMC,266,13.34,102.95,337300.06
IDCC,265,16.56,101.75,603461.0
