ICUI,734,22.5,309.75,122575.77
MRTX,731,2.8,62.7,259502.17
SUPN,729,4.51,59.85,577137.0
HA,728,2.25,60.3,872214.7
NVDA,724,5.9,272.22,1.4416599E7
ROAD,717,1.464,13.95,68175.75
POOL,712,11.39,162.02,320694.97
OSS,708,0.045,6.1,48216.805
DSGX,700,2.12,34.65,30226.705
FLT,700,25.25,225.55,680357.3
EXPO,698,4.98,52.8,224903.39
RGEN,696,3.11,52.95,241265.69
SHW,691,42.98,449.03,1061345.4
SPNS,691,0.76,15.64,50223.324
NSP,686,6.955,115.6,348603.22
NOW,686,23.74,194.66,1577359.0
TDG,686,24.24,375.54,468073.2
MLAB,685,14.55,222.93,11111.467
JOBS,682,3.07,113.06,147149.88
CVCO,680,19.17,242.8,40682.355
AAPL,676,11.171429,217.58,1.06333984E8
ADUS,671,2.88,70.3,62792.375
TJX,670,9.21,108.06,6233047.5
HD,670,18.0,207.23,9989678.0
WINS,666,6.7,452.0,8129.499
VRTX,663,14.59,182.59,2107014.0
SSNC,663,6.74,57.6,706655.3
RMR,657,11.89,90.05,54296.324
MGPI,656,0.5,98.06,78771.99
HIFS,652,23.0,235.25,2942.427
AAON,643,3.8281481,42.9,202207.67
TTWO,642,5.62,134.01,1988362.5
COHR,638,14.51,321.91,199089.19
CBM,636,1.5,66.15,252219.56
BCPC,635,12.6,105.95,122802.74
USNA,634,9.295,136.25,242380.05
RGR,633,4.52,84.94,300156.3
NEU,625,24.72,480.33,95012.95
LFVN,624,0.49,26.88,76289.51
WCG,622,6.23,303.21,607032.44
COR,621,12.58,119.54,273607.12
WINA,621,8.9,151.5,8315.611
MU,620,1.69,62.62,3.0716234E7
FICO,616,9.9,225.14,289038.5
SPSC,614,8.6,97.2,96774.74
AZPN,614,5.5,112.11,504567.4
HELE,611,8.57,117.7,201685.05
HEI,607,4.5738883,80.42,460766.34
CENT,607,2.42,44.94,131776.34
INCY,602,2.05,152.66,1670201.2
ROL,598,5.6622224,58.57,409401.28
AGN,595,20.76,339.5,2145407.2
CENTA,595,2.24,41.73,245733.56
FANG,595,16.04,136.76,1128788.8
INTU,595,20.19,218.31,2445990.5
FFIV,594,18.05,187.64,1643660.8
VAC,593,15.9,152.51,269571.4
HCI,591,4.36,53.5,95623.78
MMS,590,6.5925,72.04,470706.25
MPWR,588,7.74,147.24,384487.53
RHT,587,7.89,176.27,2080760.5
PEN,586,0.5,165.95,194631.84
CRMT,585,7.3,84.5,73463.984
COO,584,10.94,260.5,506703.28
GIII,584,1.65,72.9,460620.06
YY,581,11.3,140.39,1318734.2
SIX,581,7.9975,72.76,809611.06
GLPG,579,12.91,120.23,60858.895
POL,571,1.34,46.48,622507.75
BURL,569,24.26,168.09,1039383.56
ASML,566,12.66,220.78,1871820.5
JKHY,563,14.35,158.47,469922.78
AZO,563,89.09,815.98,491795.22
EXR,563,5.1,100.96,919596.94
SGEN,560,7.23,75.88,978823.4
HII,560,22.85,270.88,354767.5
PCRX,558,6.23,119.27,575614.94
NXPI,557,10.68,125.71,3066170.8
CTAS,557,18.15,212.87,904220.44
WIX,555,14.76,110.85,417973.7
SIVB,554,12.04,328.73,518053.5
WAB,550,11.68,113.74,818279.4
AMBA,547,6.0,126.7,1361003.9
LFUS,546,8.87,234.94,131836.34
VG,545,0.33,14.56,2181139.8
ZIV,545,10.66,93.87,68124.78
HDP,544,3.25,29.2,762812.0
SXI,543,7.97,112.1,57123.58
HF,542,1.154496,51.35,169879.44
