BWG,-43,10.28,21.61,85769.44
SKIS,-43,3.0,8.89,49487.21
DYNT,-43,1.25,9.9,10767.771
SALM,-43,0.3,10.22,43412.67
BUSE,-43,9.24,67.47,72143.09
DEST,-43,1.09,32.54,93511.92
GDL,-43,9.08,16.58,54384.543
XBIO,-43,1.51,5.95,115033.47
FTSI,-43,10.43,21.92,760328.4
DNOW,-43,9.41,37.19,1424592.6
LOOP,-43,8.53,17.45,24803.871
ENR,-43,30.23,144.67,669936.44
BLDP,-43,0.59,6.88,1076980.6
FLDM,-43,2.71,48.89,240046.89
MRO,-43,6.73,41.69,1.1308723E7
MFIN,-43,1.68,17.74,127884.016
FRTA,-44,3.06,22.4,683706.75
AY,-44,13.65,40.38,615158.7
EYEN,-44,5.27,9.95,23770.834
JMF,-44,6.2,22.25,155407.33
HUD,-44,14.39,34.074,556563.1
KMDA,-44,3.07,17.5,41972.14
ATUS,-44,16.35,34.3,2930101.8
CBB,-44,6.5,28.75,403618.22
DESP,-44,17.03,33.94,381183.25
CHL,-44,34.83,89.31,1300755.1
TVTY,-44,5.68,69.34,403495.22
CHU,-44,8.72,25.07,1102421.2
CTL,-44,13.62,46.8,5501644.5
CASI,-44,0.68,15.18,97286.18
QTRH,-44,0.97,9.95,145035.4
PBT,-44,4.32,27.5,200932.52
CWCO,-45,6.56,28.78,79988.76
RAD,-45,0.2,9.32,1.5533582E7
CZZ,-45,2.1,21.31,1208106.9
SWCH,-45,10.3,20.84,1327705.0
KMF,-45,7.01,43.91,103654.85
NOA,-45,1.43,21.94,123590.99
KTOS,-45,2.99,23.5,514447.0
SBBP,-45,2.2,10.05,148449.78
AVHI,-45,5.85,53.32,60804.855
LOR,-45,5.54,19.24,27649.94
EDF,-45,9.97,26.5,80732.39
XOG,-45,10.55,23.72,1488262.8
BT,-45,4.9,37.49,416941.97
MBI,-45,2.29,18.98,4315963.5
CHN,-45,12.85,38.43,70711.32
CAAS,-45,2.05,26.35,142215.77
OXLC,-45,5.95,20.2,98021.234
NNA,-45,0.49,1.08,563622.7
KBR,-45,9.86,40.38,1835322.8
EXC,-45,25.46,91.64,5899478.0
BPFH,-45,2.42,26.12,566613.2
HSBC,-45,23.59,87.67,2186211.0
ACIU,-45,6.7,19.3,101783.68
ZOES,-45,8.65,45.6,506865.94
STDY,-45,2.14,10.14,56479.27
CNAT,-45,1.5,14.25,532954.94
TLK,-45,17.31,68.86,287660.94
SUPV,-46,6.11,33.01,445323.8
BURG,-46,0.25,10.0,95262.86
OVID,-46,5.32,15.0,76903.94
MTW,-46,2.1921084,43.59,2730176.0
MIE,-46,5.53,22.22,127620.19
CROX,-46,0.94,37.9,2151497.8
TATT,-46,3.64,13.51,6414.2563
CXDC,-46,1.241,12.7,85959.016
KTOV,-46,1.29,6.68,250870.6
SUMR,-46,0.76,3.47,45227.09
VLRS,-46,4.99,21.52,361981.03
CEPU,-46,9.41,18.4,319330.72
SMFG,-46,5.06,17.86,1063020.4
CODX,-46,1.56,6.72,276813.0
DVCR,-46,2.0,16.95,11823.539
INB,-46,5.04,18.3,76877.62
ZF,-46,8.16,20.04,71229.07
ATTO,-46,5.45,14.38,90177.11
GNPX,-46,2.5,15.9,220568.62
ORC,-46,7.0,14.9,464092.53
CYAD,-46,16.698,64.0,8366.442
RTIX,-46,1.55,10.41,245684.56
