BCRX,19,0.88,16.39,899373.5
PLW,19,25.6,35.74,40683.79
VNO,19,21.180073,92.764755,2007438.2
MIC,19,0.79,87.24,493754.4
EGN,19,22.9,90.1,855491.1
MPCT,19,45.35,62.47,3693.6538
VALX,19,19.3,30.43,3427.5476
RDVT,19,4.56,9.94,143572.11
JKS,19,2.01,38.92,905874.6
DXGE,19,22.5,33.93,68609.37
USG,19,4.21,43.36,1778699.5
KBH,19,5.27,38.58,4120891.8
FLEX,19,1.6,19.61,5811024.0
CARZ,19,21.31,44.89,9881.969
HFBC,19,5.45,17.75,7310.2983
MLHR,19,8.05,41.5,408976.9
SUP,19,8.31,31.3,157038.89
ROSEU,19,8.01,10.66,3114.2856
CDMOP,19,9.51,26.9,5062.6846
PYT,19,7.12,22.8,3068.8162
TXMD,19,4.36,7.42,2747777.5
BNS,19,19.32,68.33,620686.3
MTLS,19,5.38,16.29,73018.16
AEE,19,19.76,64.76,1688048.8
RFDI,19,46.61,68.926,39446.13
ARGO,19,50.565216,64.15,124107.74
FTS,19,23.88,38.09,83326.79
PXI,18,14.66,66.09,28336.639
VSMV,18,24.785,29.836,3236.464
PCF,18,3.8,9.52,41518.24
CVON,18,8.0,9.62,125539.99
SO,18,26.81,54.54,4912101.5
VCLT,18,73.13,97.63,150407.4
GHC,18,185.8006,718.7,51868.55
CORI,18,2.83,16.1,115027.69
BPMP,18,16.97,22.51,345682.72
HBM,18,1.65,18.7,175614.5
FHK,18,26.95,48.28,22056.502
ADX,18,6.06,16.3,144440.25
FDT,18,34.62,67.08,49120.703
AXE,18,22.63,107.51,301576.44
WHLM,18,5.06,11.3,4086.183
PMOM,18,25.03,29.57,2704.8386
CRAI,18,13.99,58.62,56189.91
SRC,18,6.017937,12.44843,5919825.0
EEI,17,7.61,22.76,5390.023
XHR,17,12.73,25.74,637950.94
IEF,17,85.94,113.8,1377510.5
AAWW,17,9.05,74.0,300417.47
EDBI,17,22.5,35.598,1968.0498
KALA,17,10.67,26.53,254298.9
ZTO,17,11.23,22.43,2799719.0
PGJ,17,11.0,50.87,114987.445
NCR,17,6.67,49.59,1821029.1
MCHI,17,33.44,76.72,981023.56
GMS,17,20.0,39.01,332607.72
JBGS,17,31.04,38.55,703840.75
UGP,17,3.73,27.73,456570.8
FFC,17,4.31,22.29,129557.02
FND,17,32.05,57.5,766060.3
LAUR,17,10.53,18.53,612032.1
RNSC,17,19.03,23.55,2076.9954
WSR,17,9.87,17.79,163125.12
PLD,17,9.72,67.75,2695764.0
ZION,17,6.48,58.54,3410976.5
GJV,17,10.9,26.87,2405.147
ZBK,17,25.0,31.99,6748.382
CO,17,2.03,14.67,132568.03
VSDA,16,25.494,30.34,2094.3088
CSML,16,24.03,29.8,99596.28
SENEB,16,16.61,45.74,1391.0288
CCR,16,6.15,20.3,61990.844
OTEL,16,1.28,20.3,41970.195
RCI,16,19.83,54.43,430760.56
IDLB,16,21.94,31.82,19118.684
OSG,16,1.7,13.09,578060.94
DIAX,16,12.38,19.95,93054.72
PAY,16,3.22,56.84,1906002.1
MMYT,16,12.28,41.05,244318.4
MMU,16,7.45,16.21,83162.14
CPB,16,24.87,67.55,2160973.0
FLC,16,4.51,22.74,37508.03
FDP,16,13.02,66.12,291048.78
IMRN,16,4.86,14.0,13455.893
LNC,16,5.01,85.91,3416925.8
BFRA,16,11.679,17.87,15225.0
MPB,16,6.15,37.5,2628.4988
HPI,16,6.73,24.42,68938.06
SPE,16,8.51,19.0,23340.752
OSPR,16,9.58,16.92,303204.2
NINE,16,23.0,38.46,214522.45
BIF,16,3.31,11.76,99594.16
FTHI,16,17.97,23.95,9148.027
