ASET,15,22.42,29.32,2087.6924
MPV,15,7.21,16.35,11701.008
TEDU,15,7.33,9.18,145776.1
ASRVP,15,14.51,31.95,5998.986
VTR,15,20.977503,94.701385,1992424.1
JOF,15,5.46,13.74,83099.85
FTXH,15,18.053,23.733,2187.574
HOLX,15,9.39,46.49,3190443.5
GYC,15,10.51,25.34,2476.7192
TITN,15,7.89,36.05,279058.7
GBNK,15,5.0,35.05,46332.05
GSM,15,6.83,24.9,603688.7
ATLC,15,1.63,2.67,91302.305
SLMBP,15,9.7,77.98,16268.926
GLNG,15,2.64,72.5,906204.0
GOV,15,14.68,17.0,867719.56
SBPH,15,6.41,18.72,30991.035
PG,15,44.18,94.4,1.0694125E7
RNMC,15,19.2,22.97,3163.2288
AMCA,15,24.537,28.58,4122.564
DDBI,15,22.0,31.47,1281.6666
UNFI,15,12.9,83.53,502574.9
VLGEA,15,18.795,39.23,21998.47
TM,15,57.68,145.32,543038.06
NESR,15,9.48,11.41,89615.984
MATW,15,27.49,76.95,133332.42
GJS,15,6.0,21.55,3111.1567
ESGD,15,53.808,72.49,16582.809
PRGX,15,2.51,12.01,100957.84
PUMP,15,11.07,22.49,1485319.0
ANGO,15,9.59,23.65,169430.72
APY,15,34.5,45.53,1303456.8
VREX,15,25.41,43.43,383926.22
FTLB,15,18.04,23.64,3898.0088
AIMT,15,10.26,39.55,372771.44
NODK,14,14.39,18.73,33523.016
RNLC,14,19.71,23.085,9600.0
ESIO,14,4.21,26.99,207077.89
POPE,14,52.0,77.0,1832.4324
FPXI,14,22.15,39.87,13006.935
EROS,14,6.81,37.6,384390.22
CELH,14,0.15,13.6,32332.977
LAKE,14,3.48,29.0,123135.57
MGYR,14,2.35,13.9,2438.0923
WVVIP,14,4.32,10.1,1305.8912
BOX,14,9.12,29.01,1689291.6
SMI,14,0.84,9.11,187179.47
HTGC,14,3.53,17.09,353817.22
PIZ,14,10.35,29.67,86871.21
HBK,14,12.6,16.15,3692.4194
GECC,14,2.09,12.36,68790.83
BANC,14,4.7,23.12,291117.4
CBAN,14,1.9,19.5,4263.056
BPI,14,5.45,30.5,318571.25
GJO,14,15.5,23.36,2224.2441
AG,14,0.71,25.61,1712169.6
VNQI,14,39.9,65.14,237704.9
MZF,14,6.79,16.72,21876.77
MCB,13,36.99,54.62,82837.5
GS,13,52.0,273.38,6934359.0
IEI,13,104.8,127.67,393724.5
AGYS,13,2.09,16.72,94812.98
SAH,13,0.95,27.81,497112.62
PSDO,13,12.89,19.59,260965.44
DAX,13,21.463,33.8,8960.952
HBAN,13,1.02,16.5,1.3194146E7
YLDE,13,25.36,29.07,720.48193
TVPT,13,8.59,20.14,1083039.0
BRC,13,14.61,40.65,257307.16
TWN,13,7.45,22.25,33256.062
KPTI,13,5.33,47.12,338259.34
DTUL,13,48.22,67.98,18188.701
FCBP,13,24.25,31.49,18250.0
XL,13,2.67,57.08,3637467.2
GJP,13,9.0,24.78,1371.3778
EMIF,13,23.25,38.26,14236.71
GOOD,13,5.83,23.13,81238.24
QRVO,13,34.53,87.81,1766930.5
GTS,13,7.59,43.28,111726.96
BHAC,12,9.55,12.35,16365.041
WNEB,12,6.34,11.3,68415.26
PATI,12,17.74,22.65,4468.5483
NXEOU,12,6.76,13.0,43628.184
ASG,12,1.94,7.11,75423.81
UVV,12,25.82,81.35,250818.08
NAII,12,3.2,14.29,19660.963
JSYNU,12,9.02,11.2,7778.544
SELF,12,3.56,5.64,11922.821
HEWG,12,20.39,30.33,603591.6
ADM,12,15.29,53.71,4819953.5
LCAHU,12,9.99,12.0,23277.84
PFD,12,2.82,16.21,30439.406
AIZP,12,100.57,117.33,49646.957
VCIT,12,74.54,90.06,490866.34
DXB,12,5.75,27.33,96981.2
DTW,12,0.001,1943.06,15373.939
ARES,12,10.91,25.25,141808.64
PANL,12,2.14,3.59,23452.521
