DIN,127,5.44,113.72,245576.83
COT,127,0.66,17.62,675474.0
UBNK,127,4.1537547,19.21,97821.22
BRKS,127,2.58,36.36,447155.78
EA,127,10.95,148.93,5102149.5
IBOC,127,7.36,47.05,265510.0
CVLY,127,4.2204638,33.23,6719.7305
POWI,127,14.74,84.35,243886.2
AROW,126,14.881552,40.485435,25968.453
SIG,126,6.06,150.94,943111.4
DWCH,126,0.84,37.85,59308.38
FTCS,126,11.85,54.95,27315.006
CCOI,126,3.51,56.15,417622.47
SPG,126,24.30807,227.6,2428668.0
RNR,125,35.16,150.35,440386.25
LABL,125,9.83,87.5,65425.02
OFED,125,10.92,30.38,3178.6792
TRGP,125,15.43,150.62,1058340.4
CF,125,7.876,68.92,7676194.0
DISCA,125,5.2478285,46.223812,3747504.5
PVBC,125,11.26,29.4,9814.598
KNX,124,12.37,49.79,1073698.1
ATNI,124,13.95,85.02,62128.562
DWAQ,124,26.2,116.14,4243.4995
BOLD,124,14.11,42.81,220255.73
FNY,124,16.03,46.21,20228.19
FEX,123,12.47,62.78,113349.96
CWT,123,14.865,45.6,248162.77
RE,123,58.69,271.12,406366.3
WDC,123,9.93,114.28,4126773.8
MC,123,22.02,66.95,222906.12
LPX,122,1.19,31.06,2448653.2
KEYS,122,21.18,64.17,914723.7
VBTX,122,12.7,32.87,66026.55
HI,122,13.96,52.7,258578.2
NFBK,122,5.86642,20.57,120410.02
DEPO,122,1.02,33.28,924486.94
RNST,122,8.18,49.47,106924.31
SOCL,121,11.85,38.73,82216.445
CY,121,2.72,23.64,6374012.0
MUSA,121,36.46,88.59,429316.97
TPX,121,3.93,87.26,1421623.8
WTR,121,11.728,39.33,861672.44
SR,121,29.5,82.25,187071.36
LPNT,121,17.85,87.76,548859.7
TGS,121,1.23,23.74,107566.74
IPHI,121,7.2,51.4,483856.44
BLK,121,90.57,593.26,692273.94
ALTR,121,17.41,40.51,382061.44
RL,121,31.94,189.56,1218541.9
CTRN,121,7.49,37.35,146332.89
AKAM,121,9.29,82.58,3371887.2
LW,121,29.89,72.58,1209250.1
CB,121,31.84,156.15,2046770.0
PSCU,121,23.41,57.39,10789.284
DVMT,121,42.75,95.73,1816012.2
RHP,121,4.9,87.5,552237.5
IMGN,121,1.56,19.67,1166058.1
HZNP,120,1.99,38.45,2342940.5
CWST,120,0.55,29.38,177604.78
CPA,120,18.57,161.11,419777.47
GPC,120,25.06,108.31,891460.6
CNK,120,6.83,45.52,762770.5
PNC,120,18.51,162.45,3750637.0
MTB,120,30.5,196.81,1029868.44
GD,120,36.31,229.95,1902689.4
ORCL,119,13.85,52.97,2.4094752E7
QTS,119,19.72,61.04,359334.44
MSBF,119,4.25,21.66,5745.286
TSRO,119,11.25,190.36,669580.8
PKBK,119,2.9096372,24.35,8081.893
NAVG,118,18.61,69.9,114780.625
SYNT,118,8.66,52.59,342722.72
NSA,118,11.61,31.99,402057.9
LXFT,118,19.89,80.2,226497.55
MDB,118,25.76,70.23,684889.8
PRGO,118,18.89,203.69,1253503.6
NVCR,118,5.95,40.0,659536.56
TUSK,118,11.05,40.88,226993.4
