FOXA,155,4.4081273,49.79,1.5799902E7
CWAY,155,10.15,27.9,11944.831
BUD,155,37.4,133.44,1359486.2
GSIT,155,2.09,10.09,83640.53
MKL,155,211.0,1217.89,36107.58
DHIL,155,29.42,228.79,8856.993
PEZ,155,12.11,59.25,16855.71
EE,155,11.72,63.9,238290.78
CLW,155,3.105,75.3,163145.05
A,154,8.898426,74.82,3802470.2
AMP,154,12.37,182.04,1851360.5
MBUU,154,11.58,45.41,147360.66
ESS,154,50.76,269.39,433407.8
OKTA,154,21.95,59.95,1295190.5
DTE,154,23.61,115.99,1093588.0
MPAA,154,3.1,40.25,122068.19
LJPC,154,2.0,43.9,226647.23
CAR,153,0.36,69.52,2235985.0
SMAR,153,1.5,169.75,18524.537
OMER,153,3.17,26.58,443525.47
FYC,153,15.59,51.91,22114.223
FAD,153,14.6,76.27,8154.7324
QQXT,152,9.81,52.82,14324.766
CHFC,152,14.7,59.18,143113.05
PKW,152,12.08,63.28,147286.53
PCYG,152,0.55,16.45,38257.086
RDUS,152,7.98,80.63,797940.5
EBAY,152,4.3223906,46.19,2.5106106E7
OMCL,152,6.7,68.2,256053.73
GBCI,151,9.09,45.46,434151.9
HTBI,151,11.7,29.85,59852.33
WEB,150,2.11,37.39,406426.8
CEVA,150,5.14,51.1,156134.03
GHDX,150,12.25,58.45,176354.45
IHG,150,8.7951145,68.9,179329.69
EFSC,150,7.25,57.85,53347.316
UTHR,150,24.505,188.56,792329.6
PTF,150,13.22,66.59,17382.023
ACNB,149,7.75,35.65,4658.0947
MEI,149,2.72,48.61,257104.06
IUSG,149,12.31,60.89,202080.98
TRV,149,30.5,150.0,3055431.8
CVBF,149,5.19,25.14,664689.4
XLRN,149,17.4,56.7,317028.4
FBIZ,149,3.85,28.31,15925.918
BLBD,149,6.055,94.75,44867.215
PTCT,149,4.19,77.53,907816.2
MHO,149,5.08,37.26,234972.42
USLM,149,18.42,98.69,9172.887
SYY,149,19.45,75.78,3747196.0
ERIE,149,28.57,128.7,54906.03
THO,149,9.71,157.02,559865.0
RUSHB,149,5.57,52.69,16713.541
WASH,148,11.5,62.8,33916.812
KBWP,148,21.54,64.04,11322.349
PSB,148,29.86,137.43,108597.44
TEL,148,7.44,105.75,2341801.2
MMM,148,41.83,258.63,3249569.8
CBPX,148,12.58,39.3,311870.72
AIMC,148,3.35,53.35,165676.2
KLAC,148,15.19,122.39,2562990.8
SPA,148,1.35,33.36,47130.473
ARII,148,6.1,82.22,148218.97
FCB,148,20.94,62.5,243486.47
FARO,148,11.17,69.15,124059.02
VVC,148,18.27,71.58,406247.3
SBSI,147,10.027269,37.60742,86828.92
ICHR,147,9.77,34.35,874470.0
SGU,147,1.83,11.35,90009.07
VRNT,147,3.29,66.35,283989.78
CYBR,147,27.39,74.2,1054040.8
CHCO,147,20.88,82.79,65855.32
HUBB,147,22.15,139.21,280959.84
HOLI,146,2.03,27.61,289714.16
ON,146,2.6,26.8,7463866.5
SXT,146,18.6,83.35,251015.23
FUN,146,6.0,72.29,190289.1
WAT,146,30.75,218.7,736272.56
HOME,146,10.53,40.76,389567.03
ABT,146,19.921295,66.1,1.1583697E7
IRDMB,146,239.5,701.963,3657.8572
ATRO,146,2.9869225,57.920605,131985.19
WBC,146,8.18,161.0,550554.1
CBZ,146,5.2,23.8,243560.52
MRLN,146,1.36,31.1,28135.717
HMST,146,12.0,33.25,140471.78
CAC,146,10.373333,47.43,26912.412
NPO,146,13.82,94.33,182430.4
BMI,145,9.585,55.15,184603.95
HMN,145,5.26,47.2,198687.67
MSEX,145,11.76,47.63,42200.46
VAR,145,24.070906,129.46,1109846.2
PYPL,145,30.63,91.41,8697827.0
RTEC,145,1.97,34.4,222208.81
AMAT,145,8.14,61.61,1.63612E7
SYBT,145,12.04,47.5,47684.938
WNC,145,0.53,26.24,926391.4
HOFT,144,5.52,51.8,55147.98
ASUR,144,0.8,19.06,37331.246
LSI,144,17.1,117.95,269132.97
LSCC,144,1.1,8.73,1362240.0
WSBC,144,12.04,50.93,89649.68
IBTX,144,25.79,78.6,72571.19
SSTK,144,21.66,102.84,307296.97
RGLD,144,23.15,99.83,734282.3
KR,143,9.58,42.64,1.1422328E7
VRS,143,3.37,29.34,308258.0
FOX,143,4.991166,49.34,3974733.0
SFNC,143,9.63,33.35,163619.06
JSML,143,2.03,45.195,4289.6143
