TROW,96,21.01,126.24,1950370.9
EGL,96,11.6,48.38,147250.27
BNCL,96,6.500591,19.0,210725.84
NDAQ,96,15.76,95.68,1863739.4
NOMD,96,6.49,22.25,812061.06
XOXO,96,5.39,34.94,143901.89
SONA,96,3.25,18.41,19447.678
MAXR,96,16.2,83.34,72952.1
NTCT,96,6.19,47.33,500195.12
IMPV,96,18.57,77.36,418650.38
INT,96,7.805,58.28,607501.8
CAT,95,22.17,170.89,7135494.0
ODC,95,11.62,50.33,11483.185
SYX,95,6.73,46.04,79014.336
FSFG,95,32.85,74.5,3343.9253
DISCB,95,4.8717947,47.0,1234.9409
SMCI,94,3.85,41.13,338103.44
GDOT,94,9.06,86.03,430204.34
PNW,94,23.0,91.81,866319.2
XEC,94,15.92,148.77,1182249.4
MSI,94,12.53175,126.65,3323185.0
VC,94,28.42,138.7,525821.44
ALL,94,14.12,104.91,3600652.5
TRIP,94,24.53,110.21,2352240.8
NNN,94,10.53,53.46,1175822.6
OPK,94,0.6,19.12,2389388.8
PRO,93,3.13,41.06,152855.08
SEM,93,5.63,21.6,654237.06
ADC,93,9.31,56.62,104547.664
JRVR,93,20.52,44.2,153582.98
BCOR,93,4.76,39.9,386942.16
ABTX,93,16.36,45.6,38047.383
GRC,93,9.376,39.18,65497.53
VST,93,0.73262,22445.3,757777.8
NGHC,93,13.58,28.09,237133.5
MDT,93,24.38,95.61,6040010.5
KWEB,93,25.905,68.34,245163.62
JCI,92,8.1461935,48.9,6091093.5
YORW,92,9.95,39.65,26037.082
CCU,92,9.264,34.7,146125.14
FINX,92,14.53,28.72,50886.207
COL,92,27.85,139.41,1151729.2
SEND,92,18.0,34.63,547521.0
IBKC,92,37.04,90.1,232504.16
TCI,91,1.56,51.6,3596.74
MTOR,91,0.35,29.53,1561075.8
DOX,91,15.83,70.3,957381.9
BHBK,91,12.15,23.75,98667.33
BABY,91,6.69,50.48,280167.28
PLBC,91,1.74,29.3,3701.8716
IBKR,91,12.89,79.7,571559.0
RDY,91,7.41,67.79,312044.56
PEB,90,14.12,50.11,527001.9
BWA,90,7.59,67.38,2614209.5
GENC,90,3.3333333,21.526667,25237.25
FMS,90,17.83,57.51,180271.2
FBMS,90,5.5,41.2,9343.384
LL,90,6.07,119.44,903365.56
JBL,90,3.16,31.46,2963530.0
APO,90,9.61,36.78,907498.6
VLO,89,12.842779,124.44,8932644.0
OMF,89,16.9,53.83,618762.9
NXTM,89,1.93,30.61,428276.97
TOL,89,13.75,52.54,3195161.8
PBF,89,19.32,50.83,1823963.4
TDIV,89,18.43,38.16,101748.68
ZBH,89,32.13,133.09,1613377.5
DLX,89,6.23,77.69,375839.84
HPP,89,10.85,36.65,529562.4
SRE,89,36.72,122.23,1465291.2
THFF,89,25.3,52.9,27439.863
YEXT,88,10.84,25.33,678932.06
SMMF,88,2.21,29.32,8294.081
CIT,88,25.65,55.78,1677721.6
HFWA,88,9.01,37.3,62899.2
WTBA,88,4.34,27.85,23682.656
INTC,88,12.08,57.08,4.4501484E7
SBFGP,88,10.5,21.1,3052.521
YELP,88,15.22,98.04,2595509.5
EYPT,88,1.04,2.7,512501.3
ULH,88,10.51,36.8,25529.64
CVS,88,23.98,113.45,8016745.5
IRCP,87,2.99,64.65,3978.969
OCFC,87,7.29,30.82,70392.91
BMS,87,17.09,54.08,862651.06
KEX,87,19.94,123.25,491908.4
ROIC,87,9.36,23.03,550541.56
RBC,87,25.81,86.75,337120.84
ENZL,87,26.11,50.8,45770.09
DLHC,87,2.4,6.47,9786.667
FNHC,87,1.63,35.34,61395.56
CDEV,87,9.7,21.725,1503722.4
YRD,87,3.56,52.27,588301.6
