PAA,5,13.005,60.76,1573592.8
SBLKZ,5,24.26,25.88,11867.876
CSSE,5,6.54,11.55,49356.42
EMB,5,65.21,123.16,937372.2
FMB,5,49.52,54.3,22953.816
HAL,5,13.46,74.02,1.2945962E7
MTT,5,19.0,25.43,28587.303
LEXEA,5,36.96,57.67,326067.88
MCI,5,7.1,19.48,17052.535
SCACU,5,10.15,11.65,21727.004
AGLE,5,2.91,11.99,96716.445
ROBT,5,28.5,31.75,10294.167
LPTH,5,0.4,4.01,100975.88
MOD,5,0.83,25.1,265291.44
CIU,5,85.73,112.1,299017.22
OXY,5,39.01226,110.88603,5437936.5
ACLS,5,0.68,36.63,278623.12
PIO,5,9.37,27.15,58778.17
IIJI,5,1.86,21.19,19352.422
ALDX,5,3.28,12.1,96204.51
ECCB,5,25.0,26.58,4907.6753
IBKCO,5,25.52,28.5,5641.975
KAAC,5,9.65,10.3,149208.73
CTRE,5,9.7,21.6,416632.6
RYTM,5,17.02,35.85,211285.05
MCRN,5,11.96,22.09,344742.1
RYI,5,2.63,19.4,257071.97
AFGE,5,24.27,28.07,16306.883
EBAYL,5,24.54,27.46,103418.36
INBKL,5,23.57,27.05,3435.1907
TWO,5,11.580671,21.275719,1879042.6
CHS,5,1.74,19.73,3119058.2
EACQ,5,9.39,10.5,77674.02
DNP,5,5.39,11.6,349013.38
JTD,5,5.63,18.41,43027.16
FTI,5,10.17,63.52,3062842.5
LMHA,5,23.75,27.55,35271.03
KTCC,5,6.83,8.58,13452.258
CLUB,5,0.93,14.76,117300.48
PIHPP,5,24.2,26.67,2165.5557
RZA,5,23.48,31.05,33186.36
GM,5,18.8,46.48,1.4336154E7
FUNC,4,7.02,24.1,8603.821
UZB,4,24.55,27.85,30824.049
LINK,4,0.3,13.06,15686.302
ACT,4,24.292,27.28,10137.5
PAH,4,5.55,28.7,2270921.8
EQC,4,6.28,33.56,843185.56
CIO,4,10.04,13.8,129015.766
NIE,4,9.12,23.29,80412.89
PNRG,4,27.5,76.5,1200.7854
IIM,4,8.35,17.91,100442.93
OBSV,4,5.13,17.87,64817.38
SJIU,4,51.25,56.97,51310.125
TSCAP,4,25.25,26.58,14229.357
CCXI,4,2.03,17.38,234498.72
CLDT,4,9.2,31.6,188160.23
CLRG,4,24.55,27.06,153740.0
RA,4,21.56,24.36,135071.33
ALLY,4,14.9,30.83,3931710.8
VCSH,4,75.26,81.01,710985.6
ICCH,4,14.4,18.0,5154.4644
GTYHU,4,10.05,11.0,19410.18
PHG,4,13.98,44.43,1172024.8
VGIT,4,58.69,67.43,61599.324
NLSN,4,21.75,55.81,2292420.2
AGNCB,4,22.68,26.69,24493.443
AAC,4,7.97,12.87,171227.1
PFO,4,10.61,12.04,39059.355
JHS,4,8.45,17.95,21845.562
FALN,4,24.79,27.825,18370.816
EAE,4,18.55,26.05,14007.534
MTEC,4,9.5,10.2,25496.297
DTV,4,48.68,57.25,68310.0
LCA,4,9.65,10.2,84843.086
AMKR,4,1.55,12.38,1756131.9
