CXO,539,15.18,161.66,1227734.2
QLYS,535,10.75,97.05,311316.9
OZRK,530,3.535,56.45,697297.25
LAD,529,1.55,126.57,317666.44
TXRH,528,4.46,70.1,797353.6
EGRX,528,9.31,100.56,300349.72
EL,528,9.975,158.03,2513086.0
ADBE,526,15.98,263.17,4868837.0
ALXN,522,12.7425,207.84,1818760.2
FIVN,521,3.58,47.46,392698.22
RDCM,521,0.4,22.05,39941.88
LULU,519,2.245,138.76,2608380.0
SMP,516,1.4,55.08,131866.48
UVE,513,1.75,45.45,258528.12
DJCO,513,31.01,276.41,1961.9902
BIIB,512,39.02,475.98,2122819.5
CAMT,512,0.25,10.78,166935.67
OLED,511,5.04,205.6,726720.1
CPRT,507,5.82,63.0,1706362.1
PRI,507,19.28,121.55,317550.34
BGNE,506,23.98,216.77,211492.88
ENV,505,9.6,62.3,221392.0
BR,503,9.72,134.33,783246.25
IRBT,501,7.1,108.07,438723.34
CVGW,498,6.37,105.5,95777.52
SQ,498,8.37,78.18,7814238.0
UHAL,497,22.28,436.28,50054.55
TWOU,495,10.77,98.08,456787.84
LMAT,494,1.86,41.02,60183.293
SODA,490,12.02,142.6,792775.5
GIB,489,6.7,65.97,205064.28
CHE,488,32.04,333.26,178614.9
BLUE,487,17.53,233.05,815102.4
BIDU,487,10.454,284.07,1.0909994E7
HLF,484,3.07,59.4,3999245.0
LEA,483,28.125,205.34,918992.0
TCMD,483,11.08,65.19,185608.25
RETA,480,13.07,78.26,174675.39
GWRE,480,17.12,99.38,485442.66
FSBW,479,10.0,65.49,9002.048
FISV,479,7.2375,80.03,3736923.0
WST,478,14.06,117.25,357743.53
FCFS,477,7.54,95.15,233967.12
MYOK,476,6.73,61.1,246601.25
AERI,474,9.37,73.9,509149.4
APPF,474,11.58,80.9,90781.59
AXDX,474,0.66,30.56,135150.77
GCBC,472,4.75,37.35,3122.5183
WCN,470,9.297778,80.08,1118936.2
SMBC,470,4.25,40.41,7997.86
MRT,467,1.78,12.79,159151.14
MTN,467,14.8,295.36,320826.5
SCL,466,11.545,91.52,90272.34
PSCH,463,22.29,141.35,29620.312
WWE,461,7.49,83.84,490082.4
ANET,461,53.0,308.58,778789.9
TRHC,460,10.74,83.34,199181.06
ICPT,459,18.06,462.26,520624.53
PNQI,457,10.36,146.88,26132.72
PPBI,457,2.79,45.1,98038.586
BLD,456,1.0,87.01,233094.27
WD,454,9.76,61.22,167003.31
PLCE,454,15.63,159.55,625049.4
PGTI,452,0.81,25.6,246757.84
MNRO,451,10.013333,75.99,282590.75
GLOB,449,10.67,61.85,237163.19
CRI,448,12.65,122.77,775084.1
SHOP,447,19.33,173.78,1299752.4
HOMB,447,3.3454545,29.45,449965.2
ALG,447,9.37,120.13,43453.4
SBUX,446,3.585,64.57,1.4441624E7
LII,443,19.89,225.32,476016.16
WEX,443,8.59,198.64,307468.53
PTC,443,7.21,99.99,1122692.2
EGBN,442,4.90909,68.85,80275.5
CVNA,441,8.72,60.08,823096.94
VFC,441,9.97,96.29,3169795.8
MOH,439,11.166667,139.57,707297.6
FLOW,439,1.05,54.45,279631.1
GPN,439,13.795,122.15,1413631.8
IPAR,436,3.65,66.25,105713.16
LOAN,436,0.52,7.95,21412.719
CHDN,435,22.17,310.55,59384.336
ENTA,433,16.49,126.37,243942.47
EVR,432,7.0,114.95,320755.03
ASPS,429,7.0,170.19,277037.12
CHKP,429,17.43,119.13,1749512.6
CRVL,428,8.0,60.3,59298.04
PBH,427,4.08,57.92,369410.2
KAR,426,11.19,64.22,746645.56
MGP,426,5.73,31.68,636473.75
DFS,425,4.89,81.31,4582462.0
MELI,424,8.28,413.94,660846.1
WLH,424,3.8775039,33.412533,348321.62
LYB,423,15.0,121.49,3615129.0
TCBI,423,6.75,102.35,401388.38
