ISIG,-25,0.77,7.57,33941.89
INSE,-25,4.75,13.6,32698.873
CKH,-25,31.005802,95.21277,192615.22
TTP,-25,9.75,36.83,49767.832
NYLD,-25,10.89,55.18,610874.3
FSD,-25,13.01,20.28,125306.234
PIE,-25,6.93,25.72,150445.97
ADRE,-25,20.98,57.84,102698.86
GGT,-25,2.4157844,12.165544,66182.875
AZUL,-25,15.65,34.75,568955.94
SU,-25,14.66,72.95,5430655.0
ICLK,-25,5.2,9.94,158941.17
LE,-25,10.7,55.36,292326.28
BOOM,-25,5.01,60.35,127068.16
CLLS,-25,16.4,47.66,186031.12
ABR,-25,0.58,18.69,237067.05
MUFG,-25,5.52,8.07,1499618.9
SPNE,-25,6.63,24.01,65046.5
TRCO,-25,27.36,89.34,766750.1
BPL,-25,25.69,83.91,424642.34
CRTO,-25,22.12,58.9,704628.7
PFL,-25,3.89,16.95,102153.27
ENIC,-25,4.39,6.7,388134.9
CMCM,-25,8.0,35.08,978780.3
ERIC,-25,4.85,15.38,5332844.0
VHI,-25,0.93,21.1,119423.8
DFRG,-25,8.3,29.05,224123.69
GAB,-25,2.084982,8.834505,398292.1
TX,-25,4.65,45.18,421095.4
SMED,-25,3.19,10.11,37883.465
ACP,-26,9.49,19.86368,62377.277
LIVE,-26,0.36666667,27.68,238013.72
BORN,-26,1.08,1.53,27875.484
FAT,-26,5.55,11.67,29665.094
CUE,-26,7.91,17.25,93515.24
FEMB,-26,36.58,50.65,12547.8
NVTA,-26,4.69,21.63,351961.8
HCAP,-26,10.02,15.65,22621.434
DEX,-26,5.22,15.48,54574.95
MGU,-26,7.35,30.15,54437.19
FSIC,-26,7.05,10.8,1058760.9
CCRN,-26,3.87,18.25,197522.73
ASV,-26,5.0,10.15,18425.0
PRTY,-26,7.7,22.32,601423.1
PYN,-26,5.0,13.72,14468.197
NBL,-26,16.575,79.23,3724724.0
SLF,-26,11.59,54.85,492010.62
GYRO,-26,18.25,31.8,4228.481
CEM,-27,9.5,30.11,209281.23
UNAM,-27,6.59,14.05,3852.5737
EPIX,-27,0.16,12.25,53429.234
JQC,-27,2.86,11.62,397879.8
NWHM,-27,7.66,17.81,74733.95
BELFA,-27,8.01,33.5,2868.416
BTAI,-27,7.02,12.99,63628.207
VIAB,-27,11.96,88.9,3990344.0
LAZY,-27,7.27,11.1,21771.99
PIM,-27,3.43,6.61,177795.16
TIVO,-27,8.69,68.85,1260268.5
HYI,-27,12.74,20.02,84647.97
TOCA,-27,8.11,17.4,142943.98
GBL,-27,11.890145,48.59451,52236.47
DX,-27,5.5,11.03,268758.25
ADT,-27,7.0,12.86,4135744.8
RESI,-27,8.5,34.81,526738.94
EVC,-27,0.15,9.26,408403.44
TISI,-27,10.32,47.62,184220.55
IVH,-27,10.71,20.17,76850.47
ECOM,-27,8.32,48.95,248265.69
ETR,-27,59.57,126.07,1469579.1
TRMT,-27,11.25,17.29,27682.328
BTZ,-28,4.96,18.49,212273.64
HOVNP,-28,0.4,18.14,13325.637
VIRC,-28,1.32,6.85,12716.958
ADRD,-28,12.4,31.52,13555.155
ISD,-28,13.89,20.95,136168.25
CYOU,-28,12.91,51.83,264703.88
DQ,-28,3.7,73.7,119976.445
PDBC,-28,13.83,25.25,400676.25
CECO,-28,2.05,35.7,973777.9
WOW,-28,6.25,18.37,430545.8
PHK,-28,3.14,14.81,628329.4
MFV,-28,3.1,8.45,17026.156
HPR,-28,1.5,21.865,1391474.6
VTA,-28,5.78,16.35,247097.4
PVG,-28,2.78,18.24,946897.1
VTL,-29,2.5,33.31,190524.94
DFVS,-29,22.5,50.2,3661.519
GRMN,-29,15.17,92.1,1661183.4
GGP,-29,0.25452358,33.80536,5531307.0
KEYW,-29,4.09,22.18,309113.03
QAT,-29,13.29,27.15,21864.756
HRZN,-29,9.05,17.12,66882.09
PDCO,-29,16.37,51.55,1121164.5
ARD,-29,15.35,23.99,123807.14
JMBA,-29,1.8,18.65,142229.77
IKNX,-29,7.49,18.15,3861.2393
CHW,-29,4.07,13.07,206215.97
CRVS,-29,7.48,21.37,86640.195
EVK,-29,0.65,8.22,10366.784
AGI,-29,2.34,20.98,818988.56
