TMHC,-14,11.3,28.41,699542.9
SD,-14,13.34,26.5,298917.44
PGRE,-14,13.86,19.75,1240572.6
QTRX,-14,13.39,24.28,117097.78
FEM,-14,15.72,31.3,152413.22
HCP,-14,14.3898,50.346085,3777942.2
FCT,-14,5.51,16.76,95521.13
SAFE,-14,15.63,19.85,114568.59
RARX,-14,5.16,26.5,181811.44
FIXX,-14,15.54,22.49,164029.12
TPVG,-14,8.95,16.47,95839.734
NSL,-14,2.65,8.3,113301.086
NWL,-14,4.54,54.89,3802119.2
MFA,-14,4.34,10.85,3327302.5
VUZI,-14,1.5,10.8,169627.53
GILT,-14,2.2,11.15,56352.902
TYG,-14,10.01,50.21,133353.56
XOM,-14,56.57,104.38,1.8508626E7
FRA,-14,7.97,16.94,111748.58
PYS,-14,6.95,25.93,5035.137
EIGI,-14,6.715,23.03,628032.3
CIEN,-14,5.09,35.6,4255329.0
SLD,-14,12.5,20.96,57000.344
TLI,-14,4.97,14.36,35921.066
BTT,-14,16.52,25.4,178708.66
TMSR,-14,3.5,6.5,8025.8335
UTF,-14,6.78,28.16,192702.08
GEF,-15,24.0,71.05,226697.05
SC,-15,8.87,26.52,2030688.0
DMB,-15,10.01,15.07,67598.34
TALO,-15,30.79,37.47,143590.33
PPT,-15,3.03,6.96,390856.53
HYND,-15,17.44,25.2,8914.97
TLRD,-15,8.75,65.81,1046852.25
TSLF,-15,14.28,20.59,29695.17
VIA,-15,13.09,88.94,55697.95
KIO,-15,12.29,19.9,74511.586
NIQ,-15,10.98,15.01,35056.336
SHBI,-15,3.95,27.13,17555.941
AYR,-15,2.59,25.65,480751.2
VSTM,-15,1.07,17.57,482229.75
DHF,-15,1.66,5.11,255572.9
CHI,-15,6.01,16.34,220360.0
APF,-15,7.95,20.74,38443.75
EVLO,-15,11.39,16.26,127308.95
PTEN,-15,7.66,37.73,4209845.0
MHI,-15,7.31,16.76,67044.805
NWSA,-15,10.4,18.4,3292945.5
BFZ,-15,7.41,17.48,60075.215
RVSB,-15,1.08,12.84,31381.41
APAM,-15,24.16,71.75,350468.3
BRT,-15,2.54,16.33,18785.541
PTGX,-15,5.99,26.24,144011.2
CMCT,-15,12.0,18.35,6771.4287
SUNS,-15,13.04,19.6,49464.586
AOSL,-16,6.83,23.43,92520.94
STRT,-16,6.6,107.76,10617.257
ELGX,-16,0.95,18.48,577435.06
IGF,-16,20.9,51.55,133062.45
PZN,-16,1.61,13.75,59438.14
NID,-16,10.91,15.05,125911.57
FCAN,-16,17.36,39.11,21596.092
USAP,-16,6.47,51.03,38048.297
JSD,-16,13.65,21.69,43430.1
MAT,-16,10.45,47.82,4338313.5
WLKP,-16,15.58,33.64,89370.336
STAY,-16,10.95,26.57,1080068.4
BDJ,-16,5.14,12.45,372093.12
ISHG,-16,75.96,110.93,10701.005
MODN,-16,7.35,24.62,151731.81
IBN,-16,1.810909,13.250909,1.1673469E7
PMBC,-16,2.73,12.07,24531.906
GLIBA,-16,41.55,60.27,565261.5
AMGP,-16,15.29,22.57,579949.6
IFEU,-16,15.12,59.0,8572.647
WAAS,-17,11.39,25.87,116146.945
SEAS,-17,10.61,38.92,1646445.6
IVR,-17,9.81,24.01,1228872.5
FIF,-17,10.86,25.37,73444.25
NITE,-17,10.41,24.0,70246.73
BGT,-17,7.18,16.55,78292.2
SFUN,-17,1.838,19.4,3999766.8
GSK,-17,27.27,56.66,2803062.5
AJXA,-17,0.001,91.0,3202.773
ZLAB,-17,18.0,34.09,127556.59
DBL,-17,20.55,28.17,82263.45
VMO,-17,7.15,15.89,127288.15
RF,-17,2.5,25.73,1.9266664E7
AWRE,-17,1.58,6.99,37288.21
SNNA,-17,14.31,26.48,86418.31
NL,-17,1.93,19.58,39347.457
PMX,-17,5.29,15.58,82713.85
GDO,-17,15.21,21.18,45860.324
MGNX,-17,15.15,40.21,270378.9
SSFN,-17,3.51,13.60544,3940.4338
TRIL,-17,4.17,29.09,74565.85
WBK,-17,9.18,35.058,159022.1
JRI,-17,13.0,20.78,48682.44
FLY,-17,2.61,18.36,156552.2
