TIBRU,1,10.028,10.2,65032.203
MXL,1,4.03,32.19,428550.16
HFRO,1,15.02,16.24,173981.19
SHY,1,82.07,85.34,1387932.9
RNDM,1,48.94,55.123,4512.3403
PXUS,1,99.98,106.29,23500.0
SPKE,1,6.035,23.4,192758.77
MVT,1,7.39,18.52,39549.625
ENBA,1,25.16,25.66,145351.81
NGHCP,1,23.637,26.475,6479.8203
PPX,1,20.36,27.74,38678.785
PAI,1,8.5,17.06,23695.041
BWB,1,12.33,13.47,106673.45
AKP,1,7.78,17.09,22199.031
OPES,1,9.68,9.88,101915.0
COWNZ,1,24.88,25.7,30689.08
REG,1,22.02,85.3,944153.4
TCCA,1,23.77,26.29,6502.4307
MFINL,1,13.72,26.85,5750.3936
VEAC,1,9.62,9.98,108280.086
NYMTO,1,17.44,25.45,11596.522
DSXN,1,14.35,25.99,7932.6167
HYXE,1,49.525,52.5,770.85425
PACQU,1,10.11,10.32,263261.53
VAM,1,14.58,15.15,935.89746
HUNT,1,7.99,10.5,53371.164
MUC,1,6.97,17.61,88460.61
CSWCL,1,25.12,26.473,8478.823
TCRX,1,23.677,26.31,3681.0618
THGA,1,20.44,26.78,17159.207
MYC,1,7.45,17.83,46243.535
PMM,1,4.54,8.64,132189.52
GMTA,1,22.07,26.98,30671.729
MBB,1,99.12,110.49,367618.8
PBB,1,19.49,26.321,30155.209
GAINM,1,24.97,26.06,4627.273
LHC,1,9.55,9.73,142224.25
SMHI,1,11.7,25.3,129698.625
FDUS,1,11.33,22.29,72714.35
DWIN,1,24.786,28.38,29116.451
SGZA,1,19.62,26.8,21574.64
NUV,1,7.9,10.86,309747.6
PLYA,1,9.51,12.1,254275.1
NUW,1,14.48,19.5,32958.633
EAGL,1,9.6,9.95,71583.336
ALTY,1,12.116,18.16,4784.949
HTGX,1,23.85,26.24,14524.8545
PJH,1,20.62,27.15,58972.695
PNF,1,5.18,14.33,18023.416
OMAD,1,9.55,9.77,71170.0
ECCX,1,24.49,24.923,12300.0
GPP,1,12.67,21.449,69319.66
GMLPP,1,24.55,26.33,49428.984
PRH,1,20.59,27.82,67920.05
SPTN,1,11.95,40.33,170819.7
BCAC,1,9.5,10.171,31727.434
GOVNI,1,22.34,26.25,47318.45
GPAQ,1,9.7,9.84,67402.33
MVCD,1,25.16,25.89,14022.3955
LTN,1,9.55,9.72,66970.49
AMC,1,11.0,35.86,931000.0
JMPD,1,24.22,25.46,13777.174
