NEA,-11,8.18,15.93,173347.36
NTP,-11,2.83,15.93,206718.52
WAIR,-11,6.3,22.74,382921.62
BSD,-11,6.88,16.33,18560.104
BIT,-11,14.8,20.15,136630.61
PIH,-11,5.4,9.57,17139.727
OAS,-11,4.29,57.42,5464253.0
DSM,-11,7.45,8.5,123662.58
DFIN,-11,15.31,29.0,325650.22
SCS,-11,3.82,20.36,671192.3
KNDI,-11,0.48,21.6,562004.3
MHNC,-11,19.2,27.79,19340.822
NMS,-11,13.25,17.69,8593.568
PAGS,-11,25.07,39.1,3466835.8
FBM,-11,11.27,17.2,186113.11
CLPR,-11,7.72,14.04,66284.8
WMS,-11,14.65,51.52,729203.7
TSQ,-11,6.11,14.26,65517.16
FPF,-11,20.24,25.1,197442.11
PFF,-11,15.05,45.97,1775317.4
LAND,-11,7.015,17.68,45042.348
BXMX,-11,8.03,16.6,151902.36
ODT,-11,15.44,31.0,60173.89
BHTG,-11,1.5501,9.29,14213.086
XRAY,-11,21.88,68.58,1301265.2
NRK,-11,8.35,16.0,80446.67
GWGH,-12,4.6,13.15,5481.8286
LALT,-12,20.15,25.06,7063.777
GT,-12,3.51,36.88,4438527.0
CFBI,-12,10.59,14.96,14490.373
JGH,-12,12.05,18.39,95935.54
IMMR,-12,2.33,17.15,289369.28
EEQ,-12,5.9651537,31.842312,282187.88
BICK,-12,16.57,35.23,15788.121
DAIO,-12,1.4,15.94,35418.133
PLAB,-12,0.35,12.92,489423.4
UMC,-12,1.51,4.22,2675055.0
FEIM,-12,2.16,14.8,13636.665
MET,-12,10.784314,56.149734,8619697.0
AIHS,-12,3.87,8.06,53785.453
WHLRD,-12,14.95,26.5,12415.071
NSEC,-12,5.16,20.48,2379.6074
NMT,-12,12.16,14.11,13810.322
VET,-12,22.06,71.78,64117.707
JFR,-12,4.77,13.65,189358.12
ALCO,-12,17.87,58.0,12968.345
CVRR,-12,5.62,35.38,601676.8
MIXT,-12,3.4,20.69,61678.168
GLMD,-12,2.85,17.96,98786.086
EVN,-12,6.31,14.98,62191.14
ATU,-12,7.6,39.44,641283.25
HMNF,-12,1.52,25.49,5206.5127
FUND,-13,3.36,9.76,43556.082
SNP,-13,36.21538,112.52308,290839.34
CXW,-13,9.82,42.1,1076038.9
BEN,-13,12.886666,58.84,3454943.2
CII,-13,8.04,19.95,137475.25
VRNA,-13,10.8,21.0,8739.338
AGND,-13,41.42,50.17,9051.845
NKG,-13,8.78,15.46,12777.236
GCV,-13,3.71,8.09,24984.004
YDIV,-13,14.23,22.01,5836.894
SXCP,-13,5.27,31.82,176708.06
PEGI,-13,15.47,34.19,782454.94
VGM,-13,7.26,16.31,125738.89
CSU,-13,2.03,27.5,185496.66
TCCO,-13,2.2,14.5,24971.96
GLPI,-13,24.82,50.82,1052367.6
NMZ,-13,6.66,16.12,109650.33
GFED,-13,3.85,28.78,3473.0166
BWINB,-13,14.45,28.25,21245.172
JPC,-13,2.76,11.64,281143.88
TRMD,-13,6.57,8.2,2627.4194
ORRF,-13,7.5,39.8,14310.419
NTC,-13,8.85,14.7,20347.623
OFS,-13,10.12,15.22,46007.676
JRO,-13,4.48,13.8,140009.39
NJV,-13,12.89,17.98,4601.98
SJR,-13,13.55,27.36,334353.2
