CS,-74,10.21,58.4375,2079243.9
GASS,-74,2.49,17.67,83212.35
AOD,-74,6.56,35.66,456805.8
DHCP,-74,0.31,49.61,385321.06
LGCY,-74,0.63,33.61,317690.53
DVAX,-74,1.5,65.5,536743.75
CPG,-74,6.08,49.8,384609.72
PDS,-74,2.04,28.16,2054761.1
HEBT,-74,1.33,5.93,47025.004
FRSX,-74,2.64,11.365,55225.496
SYPR,-75,0.41,7.56,36966.477
C,-75,10.2,296.9,3.082084E7
AEY,-75,1.23,6.16,19953.715
BKS,-75,4.35,22.601572,1585999.6
DTEA,-75,2.3,29.6,88471.67
LKM,-75,0.7,3.89,620535.94
SAR,-75,11.0,112.0,11397.59
FRAN,-75,4.59,36.28,959851.0
LFGR,-75,4.05,48.75,152788.84
TRVN,-75,1.39,13.3,563059.7
ELC,-75,2.145,34614.1,96896.74
HTGM,-75,1.23,17.56,638421.6
ELTK,-75,2.85,15.95,12525.6045
OXBR,-75,1.308,7.85,18746.283
ODP,-75,0.59,15.42,7565380.0
NTWK,-75,2.5,34.1,65769.79
CCJ,-75,7.46,43.59,2306713.0
UA,-76,10.59,104.1,3374826.5
WPRT,-76,0.83,48.71,767803.9
PERI,-76,0.72,14.7,134147.12
NRT,-76,5.89,40.29,18647.875
GCVRZ,-76,0.08,2.63,785095.2
SAN,-76,3.69,22.24,6343372.5
IGLD,-76,1.92,35.25,13711.4
AUO,-76,2.4,20.66,1915203.8
PRTO,-76,1.15,20.0,62382.543
CENX,-76,1.06,79.99,2237346.8
RCON,-76,0.3,10.32,145074.02
DDR,-76,2.3616846,75.09496,2243417.0
SOFO,-76,1.85,10.1,6807.4165
HYGS,-76,3.07,55.5,48741.74
FCRE,-76,0.22,1.27,123135.87
ZN,-76,0.85,17.03,198512.61
CRR,-76,6.02,180.25,563296.4
AGD,-76,7.48,44.4,59702.156
AXR,-76,3.66,60.5,11478.865
INOD,-76,0.95,8.47,58779.656
CNET,-76,0.92,17.5,212235.25
PPDF,-76,3.99,25.24,789409.6
SAUC,-77,0.05,8.31,54724.695
CIG,-77,1.04,14.172464,4174456.0
MN,-77,2.6,20.05,100213.91
LENS,-77,1.78,9.0,23355.883
AETI,-77,0.65,11.09,41516.09
STON,-77,3.55,33.2,134419.52
TGTX,-77,1.0125,106.875,626874.8
HOV,-77,0.58,12.41,3050200.0
CLRO,-77,2.15,14.29,11602.362
APRN,-77,1.77,10.0,3549993.8
TI,-77,6.28,31.18,260526.06
ABX,-77,5.94,55.63,1.2920612E7
MOXC,-77,1.36,13.0,13284.272
HSON,-77,0.78,12.98,82679.195
AMTX,-77,0.519,12.78,118129.35
CMRX,-77,3.56,57.43,565243.7
NBR,-77,5.48,49.77,7181917.0
SSRM,-77,3.8,40.21,1396912.5
HLX,-77,2.63,42.57,1657362.0
MKGI,-77,1.577,9.99,10422.441
RLJE,-78,0.84000087,29.91,27653.293
MTR,-78,5.7,84.64,7907.5195
WTI,-78,1.35,59.38,1254188.9
CIM,-78,9.5,97.95,1732374.9
EVOK,-78,1.44,13.99,255485.98
LUB,-78,2.13,10.15,54405.62
UAN,-78,2.6,30.92,312767.8
INFI,-78,0.93,50.09,536657.1
ADVM,-78,2.45,60.08,442999.25
PRTS,-78,0.94,9.85,86923.97
TCON,-78,1.061,18.44,91914.44
MATR,-78,1.9,12.81,51099.11
PBI,-78,8.0,38.55,2440029.2
SEAC,-78,1.54,15.12,189696.23
HSGX,-78,1.39,11.8,74042.63
TWMC,-78,0.52,5.24,29783.076
EVLV,-78,0.18,8.62,333294.4
MDR,-78,6.45,102.345024,1663234.5
AVID,-78,4.04,28.05,287024.56
ACH,-78,6.95,52.12,405677.66
AP,-78,7.3,52.9,39575.363
CEQP,-78,8.09,257.83273,215933.3
SPRT,-78,2.01,21.45,76909.484
