SGOC,-96,0.91,32.0,53480.42
ELON,-96,4.1,217.3,25254.307
ESES,-96,0.398,16.0,98721.22
USEG,-96,0.64,42.36,49663.582
MRIN,-96,3.45,119.28,23302.268
PTX,-96,1.35,130.0,476430.4
PKD,-96,3.11,152.7,62997.207
CPST,-96,0.58,86.4,381429.2
VIVE,-96,1.75,276.0,88922.22
CIDM,-96,0.9,42.9,67315.836
TIG,-96,0.4,46.52,13387.399
MARA,-96,0.6,38.68,485333.62
MVIS,-96,0.9,44.56,386386.56
SNGX,-96,0.92,68.0,52904.496
CLBS,-96,2.66,341.0,71668.555
SOL,-96,2.2,139.0,328647.25
TYHT,-96,1.1,28.88,85538.67
BBOX,-96,0.75,40.44,160750.88
VICL,-96,1.07,53.6,131013.266
EVFM,-96,1.92,87.18,65614.15
FLKS,-96,0.51,24.17,113726.01
CETV,-96,1.95,114.17,430511.1
AMRS,-96,2.02,507.9,119122.86
RMGN,-96,0.78,72.0,97250.54
LLEX,-96,0.7,220.0,76198.59
AEMD,-96,0.8,34.0,86465.35
BVSN,-96,1.77,50.73,42497.58
ACER,-96,5.7291665,1886.6666,41672.55
DHT,-96,3.33,150.72,619856.6
RBS,-96,3.33,173.65854,792218.5
APEN,-96,1.71,225.4,90688.83
GIGM,-96,2.25,103.5,66164.19
COCP,-96,1.79,115.2,19451.822
FTR,-96,4.62,194.1,5717769.5
CDOR,-96,4.7712417,342.48367,7414.918
ACST,-96,0.45,664.6,103371.15
JONE,-97,0.3,20.5,672584.3
SXE,-97,0.39,26.25,193454.22
STAF,-97,1.23,107.5,87430.69
NVUS,-97,3.12,213.84,39206.242
BCEI,-97,24.0,6902.8335,920509.9
BSPM,-97,1.1,113.19,130311.76
HTBX,-97,1.11,146.0,175310.03
DTRM,-97,0.77,37.0,12144.85
CALI,-97,0.47,36.6,82547.695
IMMY,-97,0.75,117.6,83074.23
ARDM,-97,0.8,63.2,34536.645
PLXP,-97,3.2,135.12,13529.848
CUR,-97,0.94,60.58,100107.31
SES,-97,2.15,110.32,31819.434
GFA,-97,5.14,314.18918,120474.7
SNSS,-97,1.85,75.24,200625.77
TNTR,-97,0.143,7.27,1127209.8
CARV,-97,1.5,231.3,13148.532
EGLT,-97,0.278,18.83,408437.0
VLRX,-97,1.18,52.0,253146.45
CBAK,-97,0.51,29.4,93769.43
CCCL,-97,1.3,79.2,42818.926
CHKE,-97,0.39,36.84,74081.38
AMCN,-97,0.39,25.5,329695.53
VTGN,-97,0.72,63.0,196651.48
ORPN,-97,1.07,48.95,57907.61
FRO,-97,3.87,358.8,625604.6
AMSC,-97,2.97,440.2,109289.805
KBSF,-97,1.64,156.0,79632.945
MNKD,-97,0.71,59.05,1179673.8
UBX,-97,12.76,640.0,110006.76
MEIP,-97,1.01,210.0,194561.05
CTX,-97,0.52,27800.0,21024.89
