VCRA,60,7.64,33.75,206415.69
XCRA,60,0.27,14.73,386462.25
SMTX,60,0.32,4.49,57374.734
PETQ,60,17.91,39.94,391703.06
CZWI,60,3.21,14.33,7629.2627
DE,60,24.83,171.49,3927554.2
FTXL,60,19.72,35.68,11954.009
LAMR,60,5.44,79.05,952362.75
INTG,60,17.5,36.79,3760.7004
QSR,60,30.25,67.6,1253857.5
PFIS,60,16.75,53.05,6425.1665
BBY,60,11.29,82.6,6596019.5
EXTN,60,11.35,33.89,189861.5
WHR,59,19.39,215.0,1388120.0
DVY,59,26.27,102.32,891077.75
IRWD,59,7.8,21.07,939022.06
DXJS,59,25.9,47.76,42475.92
UN,59,17.04,61.39,2175998.8
AIZ,59,12.77,110.3,931442.56
MYE,59,2.91,24.35,133709.02
FDC,59,8.67,25.18,5389505.5
MSBI,59,21.06,36.86,72329.0
NMIH,59,4.41,22.35,393497.75
SONC,59,6.08,36.87,862795.0
HCHC,59,2.6,17.63,125842.51
THC,59,3.6,63.27,2295366.5
SYNA,59,14.43,101.48,949597.44
ACC,59,15.61,54.55,782951.06
BTO,59,7.76,40.76,70543.07
GWRS,59,6.25,10.3,23620.102
BSAC,58,10.83077,38.246155,475871.34
LOB,58,12.14,32.45,104189.18
WOOD,58,18.05,83.76,25373.047
VMI,58,38.22,172.85,228089.4
KLXI,58,26.27,80.05,503865.9
EFII,58,7.84,50.85,355383.62
PBHC,58,9.67,16.2,4215.2754
PBBI,58,2.1932771,12.05,6733.144
ARTX,58,0.38,6.25,197361.83
CHCT,58,15.9,32.28,103880.625
MBIN,58,16.8,28.85,94732.21
FRT,58,38.82,170.35,602163.0
GRVY,58,3.0,106.5,14851.243
FGM,57,25.55,55.25,16510.006
WMIH,57,0.43,3.49,613976.5
SLIM,57,21.151,38.245,2000.2732
BMCH,57,12.58,25.4,281139.06
NWLI,57,58.3,367.6,5694.918
CMP,57,37.11,97.61,377925.0
KRYS,57,8.19,18.46,29917.521
PUK,57,5.6,55.14,286663.44
FV,57,17.748,31.3,944060.9
FMBH,57,13.0,42.21,11323.263
ASRV,57,1.4,4.55,19594.656
RY,57,20.62,86.75,979438.94
TTGT,57,2.15,33.65,82505.195
LIND,57,7.81,15.12,91280.45
NWBI,56,5.9066668,19.08,523271.97
SLCT,56,1.89,14.05,7754.489
WCC,56,11.89,93.81,627131.7
HE,56,12.24,38.35,528457.2
RDVY,56,18.17,31.88,41524.04
PFIN,56,0.71,11.18,7618.408
HP,56,18.1,118.29,1762376.9
MILN,56,14.481,23.29,6684.6553
FLWS,56,0.89,14.65,215561.38
KL,55,2.21,23.42,304332.8
SABR,55,15.35,30.23,2255277.5
MTFB,55,5.29,11.84,5935.0386
COBZ,55,4.0,23.31,114980.09
SGRP,55,0.33,3.0,29871.762
ADMS,55,12.24,42.65,357167.88
PRMW,55,0.69,20.45,192129.19
SNN,55,12.160864,39.44,360152.06
AEP,54,24.28,77.63,3190240.0
GCP,54,15.49,34.4,515480.72
GOLF,54,15.59,27.68,293162.94
VSM,54,22.35,42.5,730829.3
GENY,54,24.234,38.85,2805.2632
AKTS,54,1.51,13.0,59992.164
STLD,54,5.23,51.38,4026151.5
NBN,54,6.75,29.25,12774.437
OLP,54,2.62,29.26,48296.793
AVX,54,7.38,20.94,234829.48
