AGM,211,2.41,98.52,98080.086
WNS,211,3.32,54.09,114176.766
SWM,211,6.64,62.72,272978.66
XYL,211,23.0,79.48,1152517.0
TLGT,211,0.48,11.52,251849.08
BMRC,211,17.25,89.95,13771.749
NLS,211,0.47,24.99,269497.0
WDAY,210,46.99,151.0,1569624.8
NEWR,210,20.83,113.44,441151.0
TEAM,209,17.92,86.11,921615.9
QCRH,209,7.04,49.4,17889.068
KORS,209,24.1,99.84,3338471.0
IJT,209,31.44,206.36,208776.92
FSV,208,24.88,86.49,34959.07
IPHS,208,7.8,62.62,170528.58
YUM,208,15.995687,87.1,4730535.0
WSFS,208,5.78,57.55,93341.36
BAP,207,29.095284,237.12,343755.0
FLXS,207,5.03,62.42,17356.746
MSFT,207,15.15,110.83,4.77581E7
FDEF,206,2.025,34.24,50314.312
ROCK,206,3.65,47.85,196821.44
DHR,206,18.206974,103.8,4267158.5
PAR,205,2.92,24.2,31768.598
FAST,205,13.08,60.87,2726647.8
ANTM,205,29.44,266.53,3018671.2
WVE,204,9.6,54.7,108271.375
BERY,204,13.48,61.03,1141856.4
ONEQ,204,49.8,311.91,48796.297
LEN,204,3.5791545,71.82,4908363.5
SCI,204,2.74,42.33,1181205.4
AGX,204,7.47,75.7,87347.91
ASR,204,24.92,228.06,79207.96
BSX,204,4.97,34.89,1.37448E7
LMT,204,58.18,361.0,2039252.2
AJG,204,15.04,72.63,810862.8
SFBS,204,13.43,44.59,173065.55
MAMS,203,0.3,8.91,14005.071
BANF,203,14.71,64.85,50950.688
RHI,203,14.41,79.64,1352173.4
TSBK,202,2.44,38.95,9946.189
VONG,202,51.81,156.98,28894.625
SWK,202,22.75,175.91,1318534.6
SNHY,202,7.06,70.26,105564.266
VTWG,202,50.28,157.4,10884.354
GDDY,201,23.59,79.62,1100077.2
AN,201,4.21,66.2,1507203.5
PSMT,201,10.93,125.39,149643.92
PAG,200,4.84,55.98,643747.8
CATC,200,20.0,94.35,2733.226
UGI,200,13.286667,55.58,929061.3
PF,200,22.21,67.86,1163598.8
WUBA,200,24.12,89.0,1239833.6
HMSY,200,6.1,36.71,822750.56
MASI,200,17.84,117.3,485989.56
RGA,199,21.59,164.17,434502.5
TIF,199,16.94,139.5,2004775.8
OSIS,199,10.51,95.76,192441.72
PAHC,198,16.02,50.8,149309.19
AGMH,198,6.3,29.41,101873.336
UTMD,197,21.11,116.0,7725.379
IQV,197,41.58,125.42,1017005.25
ALKS,197,6.1,80.14,1064051.8
HCSG,196,8.606667,56.01,398770.12
DY,196,3.67,122.8,441925.25
CYAN,196,1.05,11.35,14345.465
IRMD,195,6.75,32.69,47427.867
EXLS,195,5.48,63.51,146620.98
GSBC,194,7.05,61.25,31974.676
PSCI,194,21.88,75.51,8989.044
PBYI,194,11.0,275.07,598428.56
BDX,194,60.26,255.4,1281156.1
FIBK,194,9.88,46.55,119495.54
PRAA,193,6.5433335,64.46,419732.38
BREW,193,0.86,21.38,60942.504
APOG,193,5.96,60.16,248683.08
OC,193,5.33,96.36,1531126.8
QQEW,192,10.16,63.45,62705.88
CSOD,192,12.13,60.86,542019.44
ECL,191,29.85,149.84,1508681.2
TRU,191,20.98,75.77,1023153.44
CTWS,191,17.39,69.37,30759.541
NOAH,191,4.32,67.61,309623.94
TACT,191,1.95,15.55,26099.568
IHC,191,2.5,38.95,13239.7295
GRFS,191,4.6666665,24.95,1009990.6
SFLY,191,5.87,97.47,595210.8
FAF,191,10.51,62.09,714089.25
AAL,191,1.76,58.47,8645330.0
HFC,190,5.505,81.65,2788675.5
AABA,190,8.95,82.36,2.0121518E7
RCL,189,5.5,134.98,2681531.2
ST,189,15.55,58.66,1046500.4
AMTD,189,9.71,62.72,3593085.8
ANCB,189,5.49,29.91,5917.298
IPG,189,2.61,25.57,5744746.0
