DFVL,24,49.6,74.46,2390.0452
FCN,24,23.11,81.5,501461.44
NVT,24,22.51,28.99,1569725.1
FEP,24,20.18,42.36,126795.89
PCH,24,17.772676,55.5,366324.5
FTXD,24,18.735,24.686,1824.0385
BSRR,24,6.1,29.99,26006.455
I,24,1.5,25.15,684441.44
KIN,24,3.15,26.5,111356.28
MWA,24,1.56,14.05,1251260.6
KANG,24,11.73,22.65,386310.2
TWNK,24,9.51,17.14,989003.3
ZIXI,24,0.91,6.61,394728.2
NEWA,24,7.85,28.86,194797.42
WMK,24,23.24,67.83,52702.77
IXUS,24,43.65,67.91,287442.03
ACIA,24,25.57,123.44,1113900.8
HSII,24,11.38,44.5,131055.2
RFEU,24,46.24,70.57,11883.9795
BNSO,24,0.63,4.1,30310.318
EDR,24,7.8,48.47,386946.9
GHM,24,7.41,53.485,81194.336
EMCF,24,29.72,38.15,2267.7686
ELVT,24,6.0,10.92,206108.02
GDV,24,5.796964,24.85,201299.02
PPSI,24,3.09,7.8,7631.633
UBP,24,9.59,22.37,4143.343
DFNL,24,19.86,25.51,22530.637
UEIC,24,11.01,78.99,90127.516
SCCO,24,9.19,57.34,2500253.0
CTV,24,2.12,27.85,55096.613
LVHD,23,23.433,32.03,54658.77
DPLO,23,12.5,51.31,772036.5
AIR,23,10.34,48.65,333373.84
SAL,23,18.7,49.85,2057.174
SYMC,23,10.05,34.16,9286347.0
ISF,23,2.65,26.45,101825.945
FKU,23,27.34,45.9,29841.854
FTXN,23,16.85,25.55,11275.504
LAZ,23,19.65,59.4,839362.3
AUBN,23,35.5,53.5,5408.9043
EBF,23,6.98,22.75,104287.59
RGT,23,6.2,11.71,35146.65
HST,23,3.3284385,24.33,8846162.0
SCZ,23,19.14,69.19,505547.4
TSLX,23,15.15,23.9,188677.22
TPGE,23,9.68,12.78,600082.3
ESXB,23,0.72,9.95,28589.13
GVA,23,17.15,67.84,403780.44
EQRR,23,38.13,51.2,3258.8496
SVRA,23,4.71,16.76,168116.38
BDXA,23,52.08,64.41,395301.34
WATT,23,3.86,31.57,658654.2
VNOM,23,12.83,39.89,226751.98
TRUE,23,4.71,24.15,1235390.1
RLJ,23,11.78,36.16,936448.0
ESGE,23,26.5095,40.795,38510.188
CPSI,22,17.33,73.52,115988.7
GCO,22,11.38,89.25,314504.28
LBRT,22,16.22,23.36,659724.25
SGMO,22,1.95,26.35,789814.5
PMD,22,3.51,27.15,16527.947
WPZ,22,9.23,62.742695,899274.75
SCHL,22,9.39,48.76,207171.75
LBC,22,0.04,23.05,52613.984
RBB,22,21.5,33.15,62678.1
STFC,22,10.11,37.01,41635.168
HR,22,12.78,36.5,748652.1
ARE,22,30.71,134.03,588028.44
CDXS,22,1.25,16.45,162539.06
EVTC,22,11.4,26.3,464631.62
VRTV,22,22.65,62.25,91098.71
UCTT,22,0.94,34.51,314844.97
STI,21,6.7,74.55,5780286.5
EV,21,12.36,60.87,926889.8
PRT,21,1.33,16.29,33604.637
FCVT,21,22.4,30.81,32006.098
GOF,21,7.5,24.11,67850.64
LMNR,21,11.5,30.0,26809.254
LORL,21,6.04,85.07,63769.99
MIK,21,14.77,30.41,1434222.9
GYB,21,6.85,23.47,12697.989
CODI,21,6.97,19.69,190047.48
FEMS,21,23.91,47.41,37571.234
BANFP,21,17.11,36.2,2476.6047
OPBK,21,9.95,13.72,53853.19
SLRC,21,15.39,25.64,209491.06
NFG,21,27.06,78.3,496310.22
GAIN,21,2.4,12.12,125021.445
GJT,21,5.16,21.8,2393.0972
CDAY,21,30.52,39.78,692118.06
ASMB,21,4.3,101.25,71982.12
GPIC,21,3.2,12.71,8697.241
VYMI,21,50.179,72.13,58043.54
KTN,21,13.65,34.7,2583.5916
VYGR,21,8.24,31.31,227976.8
IRT,21,6.18,10.63,417332.03
ACM,21,14.91,40.13,1005122.06
TBPH,20,10.88,42.56,251698.55
IEUS,20,17.81,62.07,9559.059
DDF,20,3.32,12.65,24401.416
ATLO,20,22.3,35.0,7852.174
TTEC,20,6.73,43.35,206364.1
EDN,20,1.71,62.55,57431.598
BY,20,19.45,24.33,87476.98
TAIT,20,0.56,2.4,14975.985
CHSCP,20,24.5,34.46,14077.434
ARCC,20,3.21,18.54,1731347.1
KTH,20,18.75,36.54,1534.6028
FITB,20,1.03,34.35,1.185443E7
MRK,20,20.99,70.17,1.3763078E7
BID,20,6.35,59.67,1115835.8
