ETW,-30,7.84,17.8,334009.66
POLA,-30,4.15,10.3,61687.934
FEO,-30,7.78,23.9,23938.367
SRT,-30,1.61,14.44,43367.812
LMRK,-30,12.2,19.25,48600.527
GIM,-30,5.87,11.33,335001.6
BBL,-30,17.07,85.62,1445228.4
TEGP,-30,10.35,33.4,362195.97
ERA,-30,7.1,34.06,103719.09
PHD,-30,6.0,16.55,94191.98
TDF,-30,12.35,32.47,76165.25
EURN,-30,6.7,16.32,675990.94
CLXT,-30,10.44,31.48,92013.03
PFN,-30,3.33,15.82,216546.25
SHLX,-30,20.28,48.17,562502.56
COTY,-30,11.43,32.68,3310113.5
SURF,-30,8.94,17.83,279181.8
CJ,-30,21.37,36.1,848068.56
NEXA,-31,11.16,21.06,282014.9
THW,-31,12.2,20.047,142249.77
MCN,-31,4.28,12.32,65782.52
KEP,-31,6.9,28.31,629069.8
REN,-31,1.75,92.0,332974.6
UNIT,-31,14.17,32.7,1641075.6
NPTN,-31,2.42,20.55,488440.6
AGRO,-31,6.05,13.5,373058.56
ADRU,-31,11.89,32.22,4735.7686
SOR,-31,22.52,75.54,16138.591
EPC,-31,22.950333,107.2424,798085.5
CPE,-31,0.94,28.0,1761979.9
BHP,-31,19.38,102.68,3450360.2
AVK,-31,7.81,24.17,88311.36
ESTR,-31,6.59,12.95,51355.93
SVVC,-31,6.47,45.88,47446.504
GHY,-31,13.32,20.1,171033.02
OBAS,-31,3.7,13.65,2503.4219
EDGW,-31,1.9,9.3,22084.658
STRL,-31,2.41,21.84,121813.164
CAJ,-31,21.52,54.17,404418.47
NSYS,-32,2.4,14.5,11211.895
MOGO,-32,2.26,5.534,23757.516
ITUB,-32,4.990909,19.729527,1.4527741E7
REVG,-32,14.52,32.79,482716.22
III,-32,0.95,6.4,100034.086
TGA,-32,1.06,19.38,178204.44
GLDD,-32,1.92,10.03,332183.7
FAMI,-32,2.7,10.07,191758.78
SMBK,-32,3.4,42.3881,8281.936
CMTL,-32,9.52,54.07,250026.83
ADMA,-32,2.06,12.5,55896.133
OUT,-32,18.0,35.15,1111898.5
CNXM,-32,7.75,31.05,170911.64
ITRI,-32,27.52,105.53,418015.4
ETG,-32,6.31,26.48,207773.6
SHG,-32,13.125,59.175,102073.53
HALL,-32,5.94,16.39,42308.535
RAND,-32,2.18,4.78,7011.484
MGEN,-32,0.23,17.48,184083.14
CVGI,-32,0.47,19.22,199425.22
ZEUS,-32,8.28,75.92,127838.65
CZR,-32,4.54,26.47,2539676.8
TCRD,-33,7.75,16.97,151823.02
EQGP,-33,18.04,34.67,185374.7
FORK,-33,1.7,5.85,55025.48
RPT,-33,3.72,24.04,390867.16
SNV,-33,6.86,94.43,1301126.2
AES,-33,4.91,21.99,6133433.0
MGF,-33,4.46,8.02,80952.29
ACHN,-33,0.68,15.99,1597863.6
VGI,-33,12.36,20.05,55265.15
JMP,-33,3.41,10.95,48917.156
DSU,-33,4.98,18.09,150796.64
MSL,-33,6.73,23.74,23503.521
ESND,-33,7.32,46.02,307190.88
ENPH,-33,0.7,17.39,800420.7
VECO,-33,3.83,57.59,782720.3
KYN,-33,11.03,41.16,352099.47
QCLN,-33,7.86,30.81,28742.928
FOSL,-33,5.67,138.3,1201354.5
APVO,-33,1.19,8.0,295372.1
GNK,-33,0.471,21.5,795042.6
BBBY,-33,16.72,80.48,3331780.2
NTG,-33,12.24,30.1,167828.58
NDRA,-33,1.61,4.999,43575.75
LRN,-33,7.32,39.37,248101.8
LTM,-33,4.49,31.88,516748.94
SXC,-33,2.2,24.42,660623.2
