ATSG,421,0.12,27.07,318068.38
NKE,421,9.6425,82.95,1.0294135E7
FCAU,421,2.8026316,24.81,4348804.5
PRAH,421,20.22,107.7,440586.2
ATVI,421,8.18,81.5,9248133.0
REX,419,5.8,108.16,79967.28
BSTC,418,9.5,68.72,26900.346
IIN,418,2.59,68.6,18918.973
USCR,418,2.35,85.25,176531.83
KMG,417,2.25,79.26,58051.86
LUV,416,5.01,66.29,7777861.0
CSX,415,6.9666667,74.69,1.0530253E7
MSCI,414,11.88,176.25,683668.94
NVR,414,319.56,3700.0,44707.855
RNG,414,10.17,93.6,585793.4
OTEX,413,5.7225,39.34,1220406.9
ATRI,413,65.0,689.35,4768.7383
BZUN,413,4.64,66.33,1305505.6
ITIC,413,19.04,204.0,3724.1877
SLP,413,0.87,23.75,36439.977
QADA,412,8.58,58.9,32256.87
SAGE,411,25.86,192.33,487212.6
NATH,410,11.56,100.15,14838.73
MMSI,409,7.752,57.9,277633.88
UHS,407,15.39,146.24,1021391.06
SNX,407,8.86,140.7,243738.56
CORE,407,3.915,48.96,251361.28
PRLB,406,27.25,146.9,285631.28
MTD,406,45.72,692.3,223716.34
ANAB,405,16.62,128.55,286015.1
OFLX,404,9.99,93.33,7800.2266
RCKY,404,2.48,31.85,31128.998
LPSN,403,1.27,26.0,368168.12
RH,402,25.08,160.87,1300255.4
ABG,401,2.0,95.54,332047.2
HQY,401,15.87,88.24,432503.8
ISRG,401,28.443333,541.52,1572398.4
CALL,400,0.375,27.0,200746.4
NC,397,1.0378798,47.2,275193.03
ZEN,397,13.43,66.76,892510.0
SUI,396,7.03,102.12,242523.47
MCO,394,15.63,187.02,2182881.0
APTV,394,16.454317,102.93,2521133.2
ZBRA,393,16.45,169.22,371861.1
MKSI,393,11.45,125.45,360372.7
UNF,393,20.24,190.85,77573.49
WSO,391,30.62,191.35,270471.9
XNCR,390,7.55,42.41,222584.05
FFIN,389,11.966666,60.7,234111.19
MOMO,387,0.15,53.86,2215745.8
NDSN,387,10.2,151.14,370247.72
BECN,386,7.3,66.08,550545.06
ROP,386,35.19,303.62,551461.75
CLR,385,6.77,80.645,2822968.5
DPS,384,11.9,123.81,1842386.5
UNP,383,16.81,151.56,6186353.5
CBRL,382,11.64,178.0,334706.72
LOW,381,13.39,107.4,1.0130489E7
BBX,381,0.11,10.01,121749.71
WAGE,381,10.33,80.2,277196.06
HSKA,380,1.7,110.24,36514.246
NUS,379,8.04,138.66,888748.7
DRI,379,12.103406,114.36,2169732.2
FONR,377,0.63,33.6,74076.59
FNF,377,4.180125,41.85,3304256.2
BJRI,377,6.79,74.7,349617.16
DG,375,21.71,108.08,3040417.8
WDFC,375,21.88,174.95,71666.52
JBHT,375,18.59,130.82,1283644.0
SPGI,374,17.39,214.78,1906602.6
UBNT,374,7.88,89.0,646330.9
KFRC,373,5.53,43.15,185580.14
WRLD,373,11.26,123.99,187710.78
NNI,373,4.25,63.57,133696.39
EDUC,373,1.245,13.45,19697.717
JJSF,372,23.58,158.43,60363.168
CDW,372,18.34,87.38,829529.75
EPAY,371,4.68,63.95,222557.28
MIDD,371,6.92,142.38,453397.28
CTSH,370,7.34,84.83,5894924.0
SBAC,370,10.64,174.73,1423785.5
MGIC,368,0.98,9.6,114444.59
UFPT,368,3.54,36.65,35236.36
JOUT,368,4.68,105.16,19881.566
SIEB,367,1.14,20.0,20533.082
