ONS,-79,0.775,5.42,69492.14
LEE,-79,0.27,14.47,365507.62
INSG,-79,0.9301,16.25,479926.47
RUBI,-79,1.49,22.24,544345.06
NBRV,-79,2.38,13.24,198757.61
ANFI,-79,1.63,23.17,239497.81
FIT,-79,4.62,51.64,7700506.5
DRRX,-79,0.69,6.43,488124.3
SMMT,-79,2.02,16.0,48746.996
PRTK,-79,9.65,181.44,129600.91
PTNR,-79,2.18,24.62,109893.45
MIND,-79,2.38,26.09,70030.7
AUY,-79,1.41,20.39,1.1284543E7
CLF,-79,1.26,119.19,7743225.5
PFMT,-79,1.53,14.02,179543.62
GPRO,-79,4.53,93.85,6433220.5
MBRX,-79,0.73,8.9,564886.9
ARTW,-79,2.05,19.08,12983.11
FELP,-79,1.08,20.44,129949.695
TANH,-79,1.15,31.09,275468.97
AT,-79,1.6,16.31,625452.56
QD,-79,6.02,34.9,3736233.5
MICT,-80,0.68,12.25,88137.42
ARCW,-80,1.2,10.28,25245.11
CEL,-80,3.55,36.45,163624.27
TNDM,-80,2.24,299.8,352128.66
FSLR,-80,11.77,311.14,3479893.8
BASI,-80,0.6,8.74,32028.758
CLNE,-80,1.35,23.92,1373756.4
OSN,-80,1.5,15.0,23773.596
KONE,-80,1.6,50.5,46572.086
ALRN,-80,2.0,14.91,53768.836
KALV,-80,5.84,126.56,46683.312
GFI,-80,2.08,15.977606,5880025.5
ARC,-80,1.64,19.8,224110.7
GNC,-80,2.96,60.56,1987959.4
SWN,-80,3.5,51.65,8944894.0
CTXR,-80,1.14,6.98,75047.85
BRS,-80,6.5,83.81,462970.0
INTX,-80,1.34,22.28,51492.17
SQNS,-80,0.97,19.17,232280.25
FRED,-81,1.38,20.35,431612.75
AHPI,-81,1.04,14.54,16062.36
APDN,-81,0.95,17.4,63832.176
KONA,-81,1.14,28.42,63479.93
CBL,-81,2.06,27.54,2254550.8
OBLN,-81,1.63,15.0,106244.0
LYL,-81,2.1,13.67,47319.43
MBT,-81,5.22,40.76,3201755.8
ECA,-81,3.01,96.89,7032179.0
GNW,-81,0.84,25.0,8783909.0
SYBX,-81,7.51,66.01,64330.223
AU,-82,5.68,51.21,2941952.2
SJT,-82,4.03,47.2,181663.64
CVEO,-82,0.8,28.0,1346228.4
UPL,-82,1.01,15.73,3201369.5
OIIM,-82,1.27,11.01,115836.2
CCO,-82,2.43,27.29,252014.48
AREX,-82,0.66,38.55,603148.0
TAC,-82,2.6,37.06,84434.67
BLRX,-82,0.75,5.55,288621.56
TKC,-82,4.48,27.47,675004.25
FBIO,-82,1.27,12.0,329032.44
QRHC,-82,1.13,48.72,27605.734
GRPN,-82,2.22,26.19,1.2025973E7
XBIT,-82,3.2,31.5,174782.66
PBR,-82,2.9,75.19,2.1839022E7
BYFC,-82,0.52,9.35,8810.9795
BPTH,-83,1.2,57.4,23961.111
UTI,-83,1.52,26.35,128683.59
OTIC,-83,2.8,40.0,376759.34
FSNN,-83,1.68,33.75,46014.613
EGO,-83,0.81,21.8,4984830.0
STCN,-83,1.07,15.39,209873.92
FTAG,-83,18.5,177.45,4078.2834
HAIR,-83,1.48,9.92,160398.17
LC,-83,2.65,27.9,6897864.0
ICLN,-83,6.17,52.77,38090.96
BIOL,-83,1.16,31.785501,44773.887
SNMX,-83,0.57,12.06,223074.77
UGLD,-83,7.16,60.55,344696.34
CLD,-83,1.16,24.18,1175296.6
NYRT,-83,17.6,121.2,161498.25
VVPR,-83,1.25,11.77,86254.75
INVE,-83,1.56,56.9,46545.434
BTE,-83,1.32,61.62,903804.56
AGEN,-83,1.59,18.18,652020.56
CCCR,-83,0.25,14.24,158537.22
DNR,-83,0.95,39.64,6984612.5
AI,-83,2.2,69.0,203123.56
GRAM,-83,2.17,22.07,172039.8
STG,-83,2.94,36600.0,119346.08
SB,-83,0.3,19.05,318009.3
