AXAS,-47,0.65,6.28,1164934.0
KT,-47,10.1,27.1,732444.06
RMNI,-47,4.5,10.07,54468.516
IDSY,-47,1.85,12.43,30981.928
IGR,-47,2.25,17.03,359565.53
BG,-47,29.99,133.0,1384310.1
TGI,-47,14.075,85.0,564109.6
VIVO,-47,12.2,35.9,266916.88
TGP,-47,8.77,47.19,225422.25
SMM,-47,5.69,31.3,73138.06
PSEC,-47,5.26,16.12,2087659.2
EDI,-47,9.41,25.1,54464.01
LOCO,-47,9.25,41.2,826933.94
HLIT,-47,2.56,10.92,777723.2
WMGIZ,-47,0.29,4.78,48622.902
NS,-47,19.64,71.69,342902.66
RESN,-47,1.69,19.05,116988.57
FPI,-47,5.28,13.97,165401.56
PSAU,-47,11.0,52.35,17790.027
ETJ,-47,8.68,19.38,262840.38
BCRH,-47,9.4,20.65,35254.59
SFL,-47,4.05,32.43,620034.5
IRL,-47,3.22,21.0,21031.705
EXK,-47,0.81,12.8,1340723.1
TDS,-47,18.28887,58.50966,539639.44
NFX,-47,15.62,76.45,2681218.5
STRM,-47,0.93,8.35,44922.652
FGB,-47,1.81,14.1,40590.797
WSTL,-48,0.64,18.36,52689.516
ASC,-48,5.5,15.56,217136.92
E,-48,25.0,84.14,543836.56
TAPR,-48,14.95,50.05,2522.8474
JOE,-48,12.91,46.01,652247.8
FE,-48,28.16,83.21,3457426.8
AMBR,-48,3.54,17.49,164298.3
YIN,-48,6.94,22.78,89345.92
TGEN,-48,2.2,20.8,17161.127
USM,-48,28.6,84.75,104730.18
BPOP,-48,10.4,140.7,856314.25
CAAP,-48,8.38,16.6,312454.62
GLAD,-48,4.87,19.31,128271.81
JBR,-48,9.0,25.05,3587.3818
RYAM,-48,6.0,43.63,715888.3
FPL,-48,7.66,20.32,123305.67
NDP,-48,7.92,28.43,69198.03
PRQR,-48,2.8,24.99,85409.73
CALA,-49,2.3,29.85,439408.66
CEN,-49,6.51,20.57,138173.94
DRAD,-49,0.48,6.79,70829.58
PEO,-49,14.99,44.41,67724.66
EGY,-49,0.679,10.11,594404.06
MHLD,-49,2.81,18.85,359738.9
CALX,-49,4.34,22.78,329064.53
RAIL,-49,10.9,44.63,139135.78
AA,-49,12.54366,107.14977,9398423.0
RWT,-49,9.36,45.63,646735.9
EPZM,-49,7.12,43.6,419354.72
DAVE,-49,2.0,34.4,36339.914
HJV,-49,8.75,25.2,5556.4575
SMRT,-49,0.51,16.46,294590.84
APWC,-49,0.5,7.5,6797.011
COOL,-50,2.79,184.37999,66605.76
IGT,-50,7.12,49.06,3500978.5
NCZ,-50,2.75,13.14,272298.25
FRSH,-50,3.78,21.87,174701.89
ZFGN,-50,2.93,51.34,408905.78
PFBC,-50,6.2,125.0,37018.99
JHY,-50,9.49,63.917,39468.195
AZRX,-50,0.454,5.48,38363.125
CLIR,-50,1.75,11.75,80079.51
IAG,-50,1.15,23.25,5090620.5
RAVE,-51,0.98,15.37,52450.84
TEVA,-51,11.23,72.0,7147324.5
CSIQ,-51,2.03,51.0,1924948.2
LILAK,-51,17.67,69.89,675846.8
HTY,-51,8.05,17.93,35834.625
IIF,-51,9.59,55.34,85239.695
LCM,-51,6.57,16.17,47269.535
QADB,-51,8.11,92.7,4039.8115
AMR,-51,4.33,10.73,1205819.6
JNCE,-51,6.87,28.46,317153.94
ARNA,-51,11.5,118.1,510746.06
NSH,-51,10.55,44.91,155673.19
WY,-51,15.23,72.2,4052308.5
GMZ,-51,5.24,22.09,201988.5
PKX,-51,32.31,147.74,385346.78
LXRX,-51,5.95,22.26,402785.3
GSVC,-51,3.86,20.45,236206.95
JBN,-51,8.05,25.0,5858.7783
GHL,-51,14.0,95.63,388221.5
ATXI,-51,3.26,8.25,32944.0
STNLU,-51,9.89,21.099,113365.516
TPC,-51,9.92,42.05,377027.38
DLNG,-51,6.86,25.27,133951.06
IPIC,-51,6.3,15.14,14939.717
MXF,-51,10.3,38.23,47516.676
QUAD,-51,7.85,48.8,216508.89
EVGN,-52,2.6,19.99,11308.465
SNAP,-52,10.55,27.09,2.5626416E7
AOI,-52,8.6,65.0,83308.97
OCUL,-52,3.73,43.27,513577.56
KIM,-52,6.97,42.95,4424174.0
KOS,-52,3.5,19.24,1397681.2
QUOT,-52,5.23,30.17,550397.2
FLGT,-52,3.01,13.67,41534.59
VSTO,-52,13.04,52.87,758668.6
LFC,-52,10.23,26.62,1613319.1
ELF,-52,9.85,31.74,587509.4
CYRN,-52,1.31,6.22,63387.586
NVMM,-52,0.51,5.5,7737.168
YTRA,-52,4.74,12.27,156644.89
MXE,-52,3.42,27.95,15415.606
DCF,-52,3.35,19.4,39192.824
JILL,-52,4.26,14.2,522555.84
