USLV,-98,6.39,637.9,960342.3
TROV,-98,0.72,159.48,66944.6
DTY,-98,24.49,1921.0,34683.387
CLSN,-98,1.28,589.63965,182969.25
SNOA,-98,1.72,239.4,75863.49
RIBT,-98,0.75,312.0,27488.398
LTBR,-98,0.86,60.25,133918.83
FTFT,-98,1.35,118.342,113337.195
OPGN,-98,1.63,121.25,98160.18
CBLI,-98,1.37,168.0,70129.64
BIS,-98,16.46,1672.2,182683.27
XTLB,-98,1.55,236.5,10347.255
NETS,-98,1.91,145.0,171732.16
ALBO,-98,6.9,2995.2,105951.5
HGT,-98,0.4,37.28,205475.89
NCTY,-98,0.87,84.78,40854.75
PULM,-98,0.302,18.125,542236.8
BH,-98,181.21,48096.566,1041.0227
SSKN,-98,1.14,583.5,32429.623
FTAI,-98,8.65,1055.6,7.2238323E8
BLIN,-98,0.86,91.5,43516.676
JMU,-98,1.18,119.9,25477.297
GLBS,-98,0.06,35.44,206619.61
FHB,-98,24.41,1818.0,147595.83
MOSY,-98,0.61,65.8,114960.19
SHLD,-98,1.1,93.514824,1575699.1
SBLK,-98,1.8,1048.2456,160202.14
BWEN,-98,1.72,286.0,92213.836
APRI,-98,0.26,25.5,336012.34
IMTE,-98,1.85,1068.87,49964.934
PTIE,-98,0.82,71.4,87693.984
XOMA,-98,4.03,960.0,417199.78
VXRT,-98,2.88,411.18,11454.515
AKTX,-98,1.77,110.0,170928.25
DARE,-98,0.763,106.6,558146.9
CBIO,-98,3.19,3143.7,78338.586
ESEA,-98,1.14,168.0,68334.625
ZSAN,-98,3.66,233.4,168954.61
ALQA,-98,1.65,319.375,14429.043
WMLP,-98,1.01,272.064,22827.66
ANY,-98,0.205,280.0,162011.6
CYTR,-98,1.05,94.81046,167822.73
SPI,-98,0.103,16.531,856277.4
LEDS,-98,1.39,304.2,94001.86
ICON,-98,0.38,44.22,995500.56
MDGS,-98,2.933,158.8,37487.74
TDW,-98,21.46,2263.8708,46932.79
TVIX,-99,30.17,1347500.0,982725.9
SLS,-99,0.82,8160.0,42737.125
TVIZ,-99,7.89,5273.0,6452.303
AVGR,-99,1.09,990.0,211610.3
SIGM,-99,0.2,55.18,505338.28
BAS,-99,7.56,37590.0,463297.9
KEG,-99,8.0,4096.0,432975.6
ORIG,-99,23.47,186300.0,87034.97
SAEX,-99,0.45,1393.2,249487.42
AMDA,-99,0.36,1585.8,159734.95
MBOT,-99,0.56,3218.4,335480.6
SCON,-99,2.11,12042.0,18212.666
SHIP,-99,0.61,750.0,134229.48
KOOL,-99,0.25,163.2,73503.0
ATOS,-99,2.16,2226.6,61502.71
ELOX,-99,2.4,3540.0,16997.143
FCEL,-99,0.86,123.0,622519.06
DCAR,-99,0.75,5223.68,67795.664
EGLE,-99,4.12,51957.79,131464.25
BIOC,-99,3.0,864.0,50729.582
XSPA,-99,0.15,54.3,234216.6
HMNY,-99,0.02,8225.0,5095818.0
XGTI,-99,0.42,8004.0,290034.34
FCSC,-99,1.86,900.0,31837.008
USAU,-99,1.1,388.08,80758.32
TENX,-99,4.64,5580.0,28474.488
YGE,-99,1.4301,384.6,445069.6
ACHV,-99,2.8,4417.6,28226.666
YTEN,-99,1.23,1429.8,46097.555
SPEX,-99,0.87,7942.0,207083.34
CLRB,-99,2.71,97920.0,48033.85
CHFS,-99,1.0,7980.0,114245.18
CDTI,-99,0.37,735.0,130491.79
RSLS,-99,0.07,92610.0,396334.84
CAPR,-99,0.63,272.5,144590.0
NURO,-99,0.46,1579.68,79407.23
YRCW,-99,4.61,160650.0,387030.56
TOPS,-99,0.71,1189800.0,988077.75
SQQQ,-99,11.84,4926.72,3404599.0
DCIX,-99,1.32,53484.48,507941.8
HK,-99,3.73,3481.0344,1076561.1
OPHC,-99,1.85,1306.1224,15130.253
JAGX,-99,0.85,105.15,115094.28
CATS,-99,1.9199961,7536.0,14237.947
ANTH,-99,0.08,553.6,442065.56
EARS,-99,0.24,77.9,94419.2
NH,-99,2.32,336.95,279251.16
AIPT,-99,0.81,177.75,409674.9
DRIO,-99,0.947,274.5,37691.08
NEON,-99,0.3,92.5,225278.81
RGSE,-99,0.32,105600.0,485599.2
GEVO,-99,2.84,120600.0,126319.14
AEZS,-99,0.84,1698.0,878465.25
IMNP,-99,0.07,3720.0,227871.28
HLG,-99,3.124,32000.0,71798.14
SDRL,-99,17.08,12794.05,27694.324
PEIX,-99,1.78,929.25,462695.66
MYND,-99,1.19,600.0,82748.58
ABIO,-99,0.45,1554.0,110443.35
EMITF,-99,1.95,3365.4,12563.134
ARLZ,-99,0.03,14.49,463118.1
ALT,-99,0.014,2175.0,361600.94
DFFN,-99,0.33,2000.0,154394.08
RXII,-99,1.42,990.0,51275.64
WWR,-99,0.25,1516.8,189317.38
MBVX,-99,0.43,17440.0,51173.492
NTB,-99,1.08,33484.2,360756.5
PRKR,-99,0.26,153.8,124799.28
INPX,-99,0.11,2646.0,424327.84
CYCC,-99,1.33,451.92,123917.63
VIIX,-99,10.92,6159.5,106974.01
CTIC,-99,1.72,5910.0,151741.4
MNGA,-99,0.22,1065.0,179844.06
DRYS,-99,1.04,572320.0,2577651.8
TPIV,-99,1.4400005,5160.0,131719.78
AYTU,-99,4.22,56780.434,29173.205
SBT,-99,11.15,41500.0,525888.1
NVIV,-99,1.69,567.0,21762.828
OHGI,-99,0.22,342.85715,283273.34
BLNK,-99,1.33,1950.0,172216.89
OPTT,-99,0.67,158.4,229520.14
IZEA,-99,0.832,516.0,163250.67
CYTX,-99,0.32,1410.0,29961.725
CGG,-99,1.92,1857.92,10865.334
ONTX,-99,0.35,294.0,245310.2
