CX,-64,2.0548177,24.21858,1.3346688E7
EMMS,-64,1.0,14.52,43657.38
BNED,-64,5.01,15.27,334694.34
NTZ,-64,1.0,5.76,31608.973
GSUM,-64,5.02,17.86,236130.36
KYE,-64,5.08,33.95,127522.664
CFRX,-64,0.875,5.93,80345.6
RDC,-64,9.04,47.34,2884775.5
JT,-64,4.16,14.02,428774.72
NHF,-64,16.9,63.52,85874.41
KND,-64,5.6,32.49,772853.7
DZSI,-64,1.25,31.65,31019.15
PHI,-64,21.76,78.68,125666.555
LWAY,-64,3.6,21.9,20808.053
BZH,-64,1.25,60.5,680968.4
BPT,-64,12.27,130.6,185143.06
AR,-64,17.02,67.41,2545097.8
SA,-64,3.49,36.37,478818.22
YPF,-64,9.57,54.58,806685.1
XRF,-65,1.71,11.43,253723.31
ASA,-65,6.7,35.81,122339.53
CPIX,-65,4.08,16.99,42765.047
RETO,-65,3.29,11.24,147223.66
MGM,-65,1.89,81.6,1.3232718E7
PSTI,-65,0.3,5.08,244462.1
HYAC,-65,9.5,28.2,132675.28
SNDE,-65,3.998,17.99,10318.63
UIS,-65,3.3,50.6,638135.2
ANF,-65,8.89,82.06,3091700.0
MMAC,-65,0.45,86.0,19495.158
ISNS,-65,2.05,17.5,94214.76
GE,-65,6.66,38.43,5.9229816E7
UBS,-65,7.24,45.79,3377887.2
SLVO,-65,6.63,20.75,27437.379
AEG,-65,2.3,17.52,1292909.2
ENZ,-65,1.46,14.83,182265.25
GER,-66,3.39,20.24,377425.8
TERP,-66,6.9,42.15,1385419.5
BGY,-66,5.35,17.69,384101.44
DF,-66,6.482143,25.803572,2989661.2
BKEP,-66,2.55,9.5,65537.1
DAKT,-66,5.98,22.7,228644.34
FI,-66,5.09,32.22,748889.1
TA,-66,1.11,17.8,259683.97
SQBG,-66,0.45,18.02,131934.66
AINV,-66,2.05,18.59,1710978.4
EBR,-66,1.14,22.74,763400.0
BSQR,-66,1.02,13.18,54890.8
SIFY,-66,0.42,8.25,292750.88
NIHD,-66,0.25,16.88,1050011.6
DRNA,-66,2.45,46.0,234649.81
EMES,-66,2.25,144.17,519230.38
MCC,-67,3.38,16.15,369278.1
EOD,-67,5.15,18.39,186167.64
AAV,-67,1.89,13.47,392021.84
MTEX,-67,3.35,84.9,8973.569
EQS,-67,1.45,7.34,13625.946
VSLR,-67,2.22,16.01,721974.1
MMLP,-67,11.75,48.53,112269.64
QHC,-67,2.72,13.25,378414.97
MDLY,-67,3.1,16.92,50759.617
DVD,-67,0.95,7.08,24201.25
NX,-67,5.24,55.27,273541.6
ARR,-67,17.53,79.76,580078.06
BANR,-67,11.27,199.15,126229.2
EFOI,-67,0.16,27.84,93653.74
ARCO,-67,2.21,28.52,950406.1
BKD,-67,2.55,38.74,1844942.4
NDLS,-68,3.3,48.3,312943.25
ATIS,-68,0.35,1.13,476974.2
XONE,-68,6.19,75.67,341311.1
CCLP,-68,3.98,29.97,86613.234
AHC,-68,0.68,14.4,82860.695
MOS,-68,19.39,161.08,5293236.5
ONDK,-68,3.38,27.98,500740.44
ARDX,-68,3.7,32.89,275256.53
CRNT,-68,0.88,14.24,313871.9
ERF,-68,2.16,49.47,1029133.4
ATI,-68,7.62,86.06,2034367.6
ELP,-68,4.26,29.41,513528.78
NVGS,-68,6.55,60.0,247843.02
RRC,-68,12.71,93.7,3520000.5
IFMK,-68,2.2,27.7,36489.355
