EAF,267757,0.002,22.37,1245138.9
ORGS,217415,0.00314,19.8,8570.962
PUB,179900,0.009,135.0,34449.4
RMP,121081,0.03,78.54985,120486.97
CTZ,120300,0.005,26.73,52050.273
CCD,111250,0.015,25.55,105416.875
SAB,110428,1.3985,318800.0,1695377.9
KE,99400,0.015,22.2,73249.805
LN,96700,0.015,49.63,394344.62
GHG,64850,0.005,24.31,607658.9
WP,62125,0.05,96.45,1520229.8
RRR,54949,0.005,36.64,600103.2
RUN,47100,0.01,15.96,1205609.4
SUM,46633,0.034,33.66,1179116.4
AQB,40471,0.007,26.49,55251.344
JP,39014,0.025,28.4,169003.83
BKI,38078,0.025,55.85,402168.34
OPP,35140,0.02,20.07,47002.8
JPT,21776,0.105,26.079,21233.334
NK,20166,0.005,34.99,341881.38
HMI,17899,0.00861,22.91,335077.62
PJT,16837,0.045,10947.2,87590.32
MRNS,13852,0.04157,118.6,431392.38
BHF,13245,0.021,70.0,886197.94
SLGL,12838,0.001,13.64,317787.4
PI,11905,0.15,59.37,978771.56
JAX,11519,0.01,12.75,48435.195
BSM,11192,0.04667,19.55,1.0846196E7
ERI,10955,0.005,49.75,405613.84
ARCH,9557,0.05,100.71,448472.8
NFLX,9432,2.5628572,418.97,2.0661538E7
JAG,9359,0.135,16.35,805587.8
VER,9111,0.005,17.82,5165335.0
YRIV,6366,0.1,22.94,41030.047
TWLO,5136,2.0E-4,81.16,2144593.0
CTSO,5004,0.03,14.99,481079.62
MB,4502,0.36986,44.6,406581.3
MED,4441,3.52,224.79,272181.75
GBT,3933,1.151,65.9,768870.8
TQQQ,3812,1.5154166,68.68,1.7653208E7
ARA,3770,0.01,29.21,658829.56
GTT,3714,0.28,61.85,133758.72
TREX,3696,1.3575,83.58,733187.6
BW,3400,0.02,23.66,977831.1
CHRS,3399,0.54,37.46,444045.2
TREE,3181,1.54,402.6,153755.3
NRE,3167,0.05097,34.0,1448480.4
FTSM,3058,0.28,61.0,203868.1
BLFS,2933,0.28,25.48,73270.81
COE,2916,0.03,92.54,127188.125
AMRH,2900,0.05,9.0,250417.64
RMBL,2634,0.245,9.95,48090.035
SNR,2616,0.01408,19.85,601220.6
NBIX,2526,2.0,119.36,668672.3
HGSH,2400,0.02,12.76,48743.406
ABMD,2398,4.9,446.21,426324.06
CACC,2332,11.67,464.91,82655.22
AXGN,2260,1.75,55.9,87087.31
MITK,2242,0.05,12.91,339720.1
DPZ,2227,2.83,297.95,711748.2
EGAN,2208,0.21,17.95,72818.516
XPO,2198,2.68,114.18,668438.56
EGHT,2147,0.42,22.7,657639.6
ALGN,2131,5.0,381.77,890134.5
ZAGG,2106,0.56,23.25,562786.06
PLUS,2104,4.005,104.3,55587.65
AQN,2072,0.39,11.28,36266.066
BOFI,2030,0.85,44.65,530260.1
EXAS,1986,0.35,70.51,1348016.9
NHTC,1966,0.05,53.72,92643.03
AMZN,1879,35.03,1919.65,5401520.0
STMP,1873,7.62,284.6,245474.4
TPL,1851,16.49,847.0,15278.636
TYL,1841,11.01,242.15,216704.94
TCX,1802,1.0,70.05,47380.086
CBPO,1786,1.26,142.46,117059.23
GNL,1736,0.001,27.96,299473.28
STAA,1706,0.8,44.8,165244.4
BKNG,1551,47.07,2206.09,964057.94
INGN,1524,13.81,246.04,188798.84
EHT,1521,0.6,10.249,52700.31
REGN,1497,12.05,592.4,826497.7
GWPH,1495,8.51,162.22,425613.56
NEXT,1480,0.07,14.56,117973.75
SRPT,1463,2.88,153.69,1328020.6
PATK,1462,0.11111111,71.4,140423.36
ELLI,1442,3.8,115.84,437249.62
MKTX,1425,4.31,224.59,201650.64
DXCM,1423,1.39,142.2,680950.8
SSNT,1420,0.16,6.0,7050.0
ROST,1420,5.37,95.09,5151294.0
INVH,1418,0.22,24.1,1015369.6
NTR,1411,2.78,58.05,1410919.0
FIZZ,1394,6.86,126.4,100951.95
ODFL,1385,8.462222,163.21,789811.2
CMD,1370,3.3644445,129.78,189532.25
RTRX,1369,2.01,36.1,366760.0
ULTA,1360,4.29,313.73,798323.94
ASGN,1323,1.38,93.69,289890.88
TARO,1318,7.25,171.77,60295.633
PARR,1296,1.3,27.92,143601.67
